   Rotamer making statitics:
   Residue   Start  Clean   Swap Rotate   Self  Hbond Repack  Ioni.   TorH     OH  Elect
   NTRB3639      1      1      1      1      1      1      1      2      2      2      0
   THRB3639      1      1      1      1      1      1      1      1      2      2      0
   PROB3640      1      1      1      1      1      1      1      1      1      1      0
   LEUB3641      1      1      1      1      1      1      1      1      1      1      0
   TYRB3642      1      1      1      1      1      1      1      2      2      2      0
   ASNB3643      1      1      2      2      2      2      2      2      2      2      0
   LEUB3644      1      1      1      1      1      1      1      1      1      1      0
   PROB3645      1      1      1      1      1      1      1      1      1      1      0
   THRB3646      1      1      1      1      1      1      1      1      2      2      0
   HISB3647      1      1      2      2      2      2      2      6      6      6      0
   ARGB3648      1      1      1      1      1      1      1      4      4      4      0
   ALAB3649      1      1      1      1      1      1      1      1      1      1      0
   CYSB3650      1      1      1      1      1      1      1      2      4      4      0
   ASNB3651      1      1      2      2      2      2      2      2      2      2      0
   METB3652      1      1      1      1      1      1      1      1      1      1      0
   PHEB3653      1      1      1      1      1      1      1      1      1      1      0
   LEUB3654      1      1      1      1      1      1      1      1      1      1      0
   GLUB3655      1      1      1      1      1      1      1      3      5      5      0
   SERB3656      1      1      1      1      1      1      1      1      1      1      0
   TYRB3657      1      1      1      1      1      1      1      2      3      3      0
   LYSB3658      1      1      1      1      1      1      1      2      2      2      0
   ALAB3659      1      1      1      1      1      1      1      1      1      1      0
   ALAB3660      1      1      1      1      1      1      1      1      1      1      0
   TRPB3661      1      1      1      1      1      1      1      1      1      1      0
   ILEB3662      1      1      1      1      1      1      1      1      1      1      0
   LEUB3663      1      1      1      1      1      1      1      1      1      1      0
   THRB3664      1      1      1      1      1      1      1      1      2      2      0
   GLUB3665      1      1      1      1      1      1      1      3      5      5      0
   ASPB3666      1      1      1      1      1      1      1      3      5      5      0
   HISB3667      1      1      2      2      2      2      2      6      6      6      0
   SERB3668      1      1      1      1      1      1      1      1      2      2      0
   PHEB3669      1      1      1      1      1      1      1      1      1      1      0
   GLUB3670      1      1      1      1      1      1      1      3      5      5      0
   ASPB3671      1      1      1      1      1      1      1      3      5      5      0
   ARGB3672      1      1      1      1      1      1      1      4      4      4      0
   METB3673      1      1      1      1      1      1      1      1      1      1      0
   ILEB3674      1      1      1      1      1      1      1      1      1      1      0
   ASPB3675      1      1      1      1      1      1      1      3      5      5      0
   ASPB3676      1      1      1      1      1      1      1      3      5      5      0
   LEUB3677      1      1      1      1      1      1      1      1      1      1      0
   SERB3678      1      1      1      1      1      1      1      1      3      3      0
   LYSB3679      1      1      1      1      1      1      1      2      2      2      0
   ALAB3680      1      1      1      1      1      1      1      1      1      1      0
   GLYB3681      0      0      0      0      0      0      0      0      0      0      0
   GLUB3682      1      1      1      1      1      1      1      3      5      5      0
   GLNB3683      1      1      2      2      1      1      1      1      1      1      0
   GLUB3684      1      1      1      1      1      1      1      3      5      5      0
   GLUB3685      1      1      1      1      1      1      1      3      5      5      0
   GLUB3686      1      1      1      1      1      1      1      3      5      5      0
   GLUB3687      1      1      1      1      1      1      1      3      5      5      0
   GLUB3688      1      1      1      1      1      1      1      3      5      5      0
   GLUB3689      1      1      1      1      1      1      1      3      5      5      0
   VALB3690      1      1      1      1      1      1      1      1      1      1      0
   GLUB3691      1      1      1      1      1      1      1      3      5      5      0
   GLUB3692      1      1      1      1      1      1      1      3      5      5      0
   LYSB3693      1      1      1      1      1      1      1      2      2      2      0
   LYSB3694      1      1      1      1      1      1      1      2      2      2      0
   PROB3695      1      1      1      1      1      1      1      1      1      1      0
   ASPB3696      1      1      1      1      1      1      1      3      5      5      0
   PROB3697      1      1      1      1      1      1      1      1      1      1      0
   LEUB3698      1      1      1      1      1      1      1      1      1      1      0
   HISB3699      1      1      2      2      2      2      2      6      6      6      0
   GLNB3700      1      1      2      2      2      2      2      2      2      2      0
   LEUB3701      1      1      1      1      1      1      1      1      1      1      0
   VALB3702      1      1      1      1      1      1      1      1      1      1      0
   LEUB3703      1      1      1      1      1      1      1      1      1      1      0
   HISB3704      1      1      2      2      2      2      2      6      6      6      0
   PHEB3705      1      1      1      1      1      1      1      1      1      1      0
   SERB3706      1      1      1      1      1      1      1      1      2      2      0
   ARGB3707      1      1      1      1      1      1      1      4      4      4      0
   THRB3708      1      1      1      1      1      1      1      1      2      2      0
   ALAB3709      1      1      1      1      1      1      1      1      1      1      0
   LEUB3710      1      1      1      1      1      1      1      1      1      1      0
   THRB3711      1      1      1      1      1      1      1      1      1      1      0
   GLUB3712      1      1      1      1      1      1      1      3      5      5      0
   LYSB3713      1      1      1      1      1      1      1      2      2      2      0
   SERB3714      1      1      1      1      1      1      1      1      2      2      0
   LYSB3715      1      1      1      1      1      1      1      2      2      2      0
   LEUB3716      1      1      1      1      1      1      1      1      1      1      0
   ASPB3717      1      1      1      1      1      1      1      3      5      5      0
   GLUB3718      1      1      1      1      1      1      1      3      5      5      0
   ASPB3719      1      1      1      1      1      1      1      3      5      5      0
   TYRB3720      1      1      1      1      1      1      1      2      3      3      0
   LEUB3721      1      1      1      1      1      1      1      1      1      1      0
   TYRB3722      1      1      1      1      1      1      1      2      3      3      0
   METB3723      1      1      1      1      1      1      1      1      1      1      0
   ALAB3724      1      1      1      1      1      1      1      1      1      1      0
   TYRB3725      1      1      1      1      1      1      1      2      2      2      0
   ALAB3726      1      1      1      1      1      1      1      1      1      1      0
   ASPB3727      1      1      1      1      1      1      1      3      5      5      0
   ILEB3728      1      1      1      1      1      1      1      1      1      1      0
   METB3729      1      1      1      1      1      1      1      1      1      1      0
   ALAB3730      1      1      1      1      1      1      1      1      1      1      0
   LYSB3731      1      1      1      1      1      1      1      2      2      2      0
   SERB3732      1      1      1      1      1      1      1      1      3      3      0
   CYSB3733      1      1      1      1      1      1      1      2      4      4      0
   HISB3734      1      1      2      2      2      2      1      3      3      3      0
   LEUB3735      1      1      1      1      1      1      1      1      1      1      0
   GLUB3736      1      1      1      1      1      1      1      3      5      5      0
   GLUB3737      1      1      1      1      1      1      1      3      5      5      0
   GLYB3738      0      0      0      0      0      0      0      0      0      0      0
   GLYB3739      0      0      0      0      0      0      0      0      0      0      0
   GLUB3740      1      1      1      1      1      1      1      3      5      5      0
   ASNB3741      1      1      2      2      2      2      1      1      1      1      0
   CTRB3741      1      1      1      1      1      1      1      3      5      5      0
   NTRB3747      1      1      1      1      1      1      1      2      2      2      0
   GLUB3747      1      1      1      1      1      1      1      3      5      5      0
   GLUB3748      1      1      1      1      1      1      1      3      5      5      0
   VALB3749      1      1      1      1      1      1      1      1      1      1      0
   GLUB3750      1      1      1      1      1      1      1      3      5      5      0
   VALB3751      1      1      1      1      1      1      1      1      1      1      0
   SERB3752      1      1      1      1      1      1      1      1      2      2      0
   PHEB3753      1      1      1      1      1      1      1      1      1      1      0
   GLUB3754      1      1      1      1      1      1      1      3      5      5      0
   GLUB3755      1      1      1      1      1      1      1      3      5      5      0
   LYSB3756      1      1      1      1      1      1      1      2      2      2      0
   GLUB3757      1      1      1      1      1      1      1      3      5      5      0
   METB3758      1      1      1      1      1      1      1      1      1      1      0
   GLUB3759      1      1      1      1      1      1      1      3      5      5      0
   LYSB3760      1      1      1      1      1      1      1      2      2      2      0
   GLNB3761      1      1      2      2      2      2      2      2      2      2      0
   ARGB3762      1      1      1      1      1      1      1      4      6      6      0
   LEUB3763      1      1      1      1      1      1      1      1      1      1      0
   LEUB3764      1      1      1      1      1      1      1      1      1      1      0
   TYRB3765      1      1      1      1      1      1      1      2      2      2      0
   GLNB3766      1      1      2      2      2      2      2      2      2      2      0
   GLNB3767      1      1      2      2      2      2      1      1      1      1      0
   SERB3768      1      1      1      1      1      1      1      1      2      2      0
   ARGB3769      1      1      1      1      1      1      1      4      6      6      0
   LEUB3770      1      1      1      1      1      1      1      1      1      1      0
   HISB3771      1      1      2      2      2      2      2      6      6      6      0
   THRB3772      1      1      1      1      1      1      1      1      2      2      0
   ARGB3773      1      1      1      1      1      1      1      4      4      4      0
   GLYB3774      0      0      0      0      0      0      0      0      0      0      0
   ALAB3775      1      1      1      1      1      1      1      1      1      1      0
   ALAB3776      1      1      1      1      1      1      1      1      1      1      0
   GLUB3777      1      1      1      1      1      1      1      3      5      5      0
   METB3778      1      1      1      1      1      1      1      1      1      1      0
   VALB3779      1      1      1      1      1      1      1      1      1      1      0
   LEUB3780      1      1      1      1      1      1      1      1      1      1      0
   GLNB3781      1      1      2      2      2      2      2      2      2      2      0
   METB3782      1      1      1      1      1      1      1      1      1      1      0
   ILEB3783      1      1      1      1      1      1      1      1      1      1      0
   SERB3784      1      1      1      1      1      1      1      1      2      2      0
   ALAB3785      1      1      1      1      1      1      1      1      1      1      0
   CYSB3786      1      1      1      1      1      1      1      2      4      4      0
   LYSB3787      1      1      1      1      1      1      1      2      2      2      0
   GLYB3788      0      0      0      0      0      0      0      0      0      0      0
   GLUB3789      1      1      1      1      1      1      1      3      5      5      0
   THRB3790      1      1      1      1      1      1      1      1      2      2      0
   GLYB3791      0      0      0      0      0      0      0      0      0      0      0
   ALAB3792      1      1      1      1      1      1      1      1      1      1      0
   METB3793      1      1      1      1      1      1      1      1      1      1      0
   VALB3794      1      1      1      1      1      1      1      1      1      1      0
   SERB3795      1      1      1      1      1      1      1      1      2      2      0
   SERB3796      1      1      1      1      1      1      1      1      3      3      0
   THRB3797      1      1      1      1      1      1      1      1      3      3      0
   LEUB3798      1      1      1      1      1      1      1      1      1      1      0
   LYSB3799      1      1      1      1      1      1      1      2      2      2      0
   LEUB3800      1      1      1      1      1      1      1      1      1      1      0
   GLYB3801      0      0      0      0      0      0      0      0      0      0      0
   ILEB3802      1      1      1      1      1      1      1      1      1      1      0
   SERB3803      1      1      1      1      1      1      1      1      3      3      0
   ILEB3804      1      1      1      1      1      1      1      1      1      1      0
   LEUB3805      1      1      1      1      1      1      1      1      1      1      0
   ASNB3806      1      1      2      2      2      2      2      2      2      2      0
   GLYB3807      0      0      0      0      0      0      0      0      0      0      0
   GLYB3808      0      0      0      0      0      0      0      0      0      0      0
   ASNB3809      1      1      2      2      2      2      2      2      2      2      0
   ALAB3810      1      1      1      1      1      1      1      1      1      1      0
   GLUB3811      1      1      1      1      1      1      1      3      5      5      0
   VALB3812      1      1      1      1      1      1      1      1      1      1      0
   GLNB3813      1      1      2      2      2      2      2      2      2      2      0
   GLNB3814      1      1      2      2      2      2      2      2      2      2      0
   LYSB3815      1      1      1      1      1      1      1      2      2      2      0
   METB3816      1      1      1      1      1      1      1      1      1      1      0
   LEUB3817      1      1      1      1      1      1      1      1      1      1      0
   ASPB3818      1      1      1      1      1      1      1      3      5      5      0
   TYRB3819      1      1      1      1      1      1      1      2      3      3      0
   LEUB3820      1      1      1      1      1      1      1      1      1      1      0
   LYSB3821      1      1      1      1      1      1      1      2      2      2      0
   ASPB3822      1      1      1      1      1      1      1      3      5      5      0
   LYSB3823      1      1      1      1      1      1      1      2      2      2      0
   LYSB3824      1      1      1      1      1      1      1      2      2      2      0
   GLUB3825      1      1      1      1      1      1      1      3      5      5      0
   VALB3826      1      1      1      1      1      1      1      1      1      1      0
   GLYB3827      0      0      0      0      0      0      0      0      0      0      0
   PHEB3828      1      1      1      1      1      1      1      1      1      1      0
   PHEB3829      1      1      1      1      1      1      1      1      1      1      0
   GLNB3830      1      1      2      2      2      2      2      2      2      2      0
   SERB3831      1      1      1      1      1      1      1      1      2      2      0
   ILEB3832      1      1      1      1      1      1      1      1      1      1      0
   GLNB3833      1      1      2      2      2      2      2      2      2      2      0
   ALAB3834      1      1      1      1      1      1      1      1      1      1      0
   LEUB3835      1      1      1      1      1      1      1      1      1      1      0
   METB3836      1      1      1      1      1      1      1      1      1      1      0
   GLNB3837      1      1      2      2      2      2      2      2      2      2      0
   THRB3838      1      1      1      1      1      1      1      1      3      3      0
   CYSB3839      1      1      1      1      1      1      1      2      4      4      0
   SERB3840      1      1      1      1      1      1      1      1      3      3      0
   VALB3841      1      1      1      1      1      1      1      1      1      1      0
   LEUB3842      1      1      1      1      1      1      1      1      1      1      0
   ASPB3843      1      1      1      1      1      1      1      3      5      5      0
   LEUB3844      1      1      1      1      1      1      1      1      1      1      0
   ASNB3845      1      1      2      2      2      2      2      2      2      2      0
   ALAB3846      1      1      1      1      1      1      1      1      1      1      0
   PHEB3847      1      1      1      1      1      1      1      1      1      1      0
   GLUB3848      1      1      1      1      1      1      1      3      5      5      0
   ARGB3849      1      1      1      1      1      1      1      4      4      4      0
   GLNB3850      1      1      2      2      2      2      1      1      1      1      0
   ASNB3851      1      1      2      2      2      2      2      2      2      2      0
   LYSB3852      1      1      1      1      1      1      1      2      2      2      0
   ALAB3853      1      1      1      1      1      1      1      1      1      1      0
   GLUB3854      1      1      1      1      1      1      1      3      5      5      0
   GLYB3855      0      0      0      0      0      0      0      0      0      0      0
   LEUB3856      1      1      1      1      1      1      1      1      1      1      0
   GLYB3857      0      0      0      0      0      0      0      0      0      0      0
   METB3858      1      1      1      1      1      1      1      1      1      1      0
   VALB3859      1      1      1      1      1      1      1      1      1      1      0
   ASNB3860      1      1      2      2      2      2      1      1      1      1      0
   GLUB3861      1      1      1      1      1      1      1      3      5      5      0
   ASPB3862      1      1      1      1      1      1      1      3      5      5      0
   GLYB3863      0      0      0      0      0      0      0      0      0      0      0
   THRB3864      1      1      1      1      1      1      1      1      1      1      0
   VALB3865      1      1      1      1      1      1      1      1      1      1      0
   ILEB3866      1      1      1      1      1      1      1      1      1      1      0
   ASNB3867      1      1      2      2      1      1      1      1      1      1      0
   ARGB3868      1      1      1      1      1      1      1      4      5      5      0
   GLNB3869      1      1      2      2      1      1      1      1      1      1      0
   ASNB3870      1      1      2      2      1      1      1      1      1      1      0
   GLYB3871      0      0      0      0      0      0      0      0      0      0      0
   GLUB3872      1      1      1      1      1      1      1      3      5      5      0
   LYSB3873      1      1      1      1      1      1      1      2      2      2      0
   VALB3874      1      1      1      1      1      1      1      1      1      1      0
   METB3875      1      1      1      1      1      1      1      1      1      1      0
   ALAB3876      1      1      1      1      1      1      1      1      1      1      0
   ASPB3877      1      1      1      1      1      1      1      3      5      5      0
   ASPB3878      1      1      1      1      1      1      1      3      5      5      0
   GLUB3879      1      1      1      1      1      1      1      3      5      5      0
   PHEB3880      1      1      1      1      1      1      1      1      1      1      0
   THRB3881      1      1      1      1      1      1      1      1      3      3      0
   GLNB3882      1      1      2      2      2      2      2      2      2      2      0
   ASPB3883      1      1      1      1      1      1      1      3      5      5      0
   LEUB3884      1      1      1      1      1      1      1      1      1      1      0
   PHEB3885      1      1      1      1      1      1      1      1      1      1      0
   ARGB3886      1      1      1      1      1      1      1      4      4      4      0
   PHEB3887      1      1      1      1      1      1      1      1      1      1      0
   LEUB3888      1      1      1      1      1      1      1      1      1      1      0
   GLNB3889      1      1      2      2      2      2      1      1      1      1      0
   LEUB3890      1      1      1      1      1      1      1      1      1      1      0
   LEUB3891      1      1      1      1      1      1      1      1      1      1      0
   CYSB3892      1      1      1      1      1      1      1      2      4      4      0
   GLUB3893      1      1      1      1      1      1      1      3      5      5      0
   GLYB3894      0      0      0      0      0      0      0      0      0      0      0
   HISB3895      1      1      2      2      2      2      2      6      6      6      0
   ASNB3896      1      1      2      2      2      2      2      2      2      2      0
   ASNB3897      1      1      2      2      2      2      2      2      2      2      0
   ASPB3898      1      1      1      1      1      1      1      3      5      5      0
   PHEB3899      1      1      1      1      1      1      1      1      1      1      0
   GLNB3900      1      1      2      2      2      2      2      2      2      2      0
   ASNB3901      1      1      2      2      2      2      1      1      1      1      0
   TYRB3902      1      1      1      1      1      1      1      2      2      2      0
   LEUB3903      1      1      1      1      1      1      1      1      1      1      0
   ARGB3904      1      1      1      1      1      1      1      4      6      6      0
   THRB3905      1      1      1      1      1      1      1      1      1      1      0
   GLNB3906      1      1      2      2      2      2      2      2      2      2      0
   THRB3907      1      1      1      1      1      1      1      1      2      2      0
   GLYB3908      0      0      0      0      0      0      0      0      0      0      0
   ASNB3909      1      1      2      2      2      2      2      2      2      2      0
   THRB3910      1      1      1      1      1      1      1      1      1      1      0
   THRB3911      1      1      1      1      1      1      1      1      2      2      0
   THRB3912      1      1      1      1      1      1      1      1      1      1      0
   ILEB3913      1      1      1      1      1      1      1      1      1      1      0
   ASNB3914      1      1      2      2      2      2      2      2      2      2      0
   ILEB3915      1      1      1      1      1      1      1      1      1      1      0
   ILEB3916      1      1      1      1      1      1      1      1      1      1      0
   ILEB3917      1      1      1      1      1      1      1      1      1      1      0
   CYSB3918      1      1      1      1      1      1      1      2      4      4      0
   THRB3919      1      1      1      1      1      1      1      1      2      2      0
   VALB3920      1      1      1      1      1      1      1      1      1      1      0
   ASPB3921      1      1      1      1      1      1      1      3      5      5      0
   TYRB3922      1      1      1      1      1      1      1      2      3      3      0
   LEUB3923      1      1      1      1      1      1      1      1      1      1      0
   LEUB3924      1      1      1      1      1      1      1      1      1      1      0
   ARGB3925      1      1      1      1      1      1      1      4      4      4      0
   LEUB3926      1      1      1      1      1      1      1      1      1      1      0
   GLNB3927      1      1      2      2      2      2      2      2      2      2      0
   GLUB3928      1      1      1      1      1      1      1      3      5      5      0
   SERB3929      1      1      1      1      1      1      1      1      2      2      0
   ILEB3930      1      1      1      1      1      1      1      1      1      1      0
   SERB3931      1      1      1      1      1      1      1      1      3      3      0
   ASPB3932      1      1      1      1      1      1      1      3      5      5      0
   PHEB3933      1      1      1      1      1      1      1      1      1      1      0
   TYRB3934      1      1      1      1      1      1      1      2      3      3      0
   TRPB3935      1      1      1      1      1      1      1      1      1      1      0
   TYRB3936      1      1      1      1      1      1      1      2      3      3      0
   TYRB3937      1      1      1      1      1      1      1      2      2      2      0
   SERB3938      1      1      1      1      1      1      1      1      3      3      0
   GLYB3939      0      0      0      0      0      0      0      0      0      0      0
   LYSB3940      1      1      1      1      1      1      1      2      2      2      0
   ASPB3941      1      1      1      1      1      1      1      3      5      5      0
   VALB3942      1      1      1      1      1      1      1      1      1      1      0
   ILEB3943      1      1      1      1      1      1      1      1      1      1      0
   GLUB3944      1      1      1      1      1      1      1      3      5      5      0
   GLUB3945      1      1      1      1      1      1      1      3      5      5      0
   GLNB3946      1      1      2      2      2      2      1      1      1      1      0
   GLYB3947      0      0      0      0      0      0      0      0      0      0      0
   LYSB3948      1      1      1      1      1      1      1      2      2      2      0
   ARGB3949      1      1      1      1      1      1      1      4      4      4      0
   ASNB3950      1      1      2      2      2      2      2      2      2      2      0
   PHEB3951      1      1      1      1      1      1      1      1      1      1      0
   SERB3952      1      1      1      1      1      1      1      1      3      3      0
   LYSB3953      1      1      1      1      1      1      1      2      2      2      0
   ALAB3954      1      1      1      1      1      1      1      1      1      1      0
   METB3955      1      1      1      1      1      1      1      1      1      1      0
   SERB3956      1      1      1      1      1      1      1      1      2      2      0
   VALB3957      1      1      1      1      1      1      1      1      1      1      0
   ALAB3958      1      1      1      1      1      1      1      1      1      1      0
   LYSB3959      1      1      1      1      1      1      1      2      2      2      0
   GLNB3960      1      1      2      2      2      2      2      2      2      2      0
   VALB3961      1      1      1      1      1      1      1      1      1      1      0
   PHEB3962      1      1      1      1      1      1      1      1      1      1      0
   ASNB3963      1      1      2      2      2      2      2      2      2      2      0
   SERB3964      1      1      1      1      1      1      1      1      3      3      0
   LEUB3965      1      1      1      1      1      1      1      1      1      1      0
   THRB3966      1      1      1      1      1      1      1      1      2      2      0
   GLUB3967      1      1      1      1      1      1      1      3      5      5      0
   TYRB3968      1      1      1      1      1      1      1      2      3      3      0
   ILEB3969      1      1      1      1      1      1      1      1      1      1      0
   GLNB3970      1      1      2      2      2      2      2      2      2      2      0
   GLYB3971      0      0      0      0      0      0      0      0      0      0      0
   PROB3972      1      1      1      1      1      1      1      1      1      1      0
   CYSB3973      1      1      1      1      1      1      1      2      4      4      0
   THRB3974      1      1      1      1      1      1      1      1      1      1      0
   GLYB3975      0      0      0      0      0      0      0      0      0      0      0
   ASNB3976      1      1      2      2      2      2      2      2      2      2      0
   GLNB3977      1      1      2      2      2      2      2      2      2      2      0
   GLNB3978      1      1      2      2      2      2      2      2      2      2      0
   SERB3979      1      1      1      1      1      1      1      1      2      2      0
   LEUB3980      1      1      1      1      1      1      1      1      1      1      0
   ALAB3981      1      1      1      1      1      1      1      1      1      1      0
   HISB3982      1      1      2      2      2      2      2      6      6      6      0
   SERB3983      1      1      1      1      1      1      1      1      3      3      0
   ARGB3984      1      1      1      1      1      1      1      4      5      5      0
   LEUB3985      1      1      1      1      1      1      1      1      1      1      0
   TRPB3986      1      1      1      1      1      1      1      1      1      1      0
   ASPB3987      1      1      1      1      1      1      1      3      5      5      0
   ALAB3988      1      1      1      1      1      1      1      1      1      1      0
   VALB3989      1      1      1      1      1      1      1      1      1      1      0
   VALB3990      1      1      1      1      1      1      1      1      1      1      0
   GLYB3991      0      0      0      0      0      0      0      0      0      0      0
   PHEB3992      1      1      1      1      1      1      1      1      1      1      0
   LEUB3993      1      1      1      1      1      1      1      1      1      1      0
   HISB3994      1      1      2      2      2      2      1      3      3      3      0
   VALB3995      1      1      1      1      1      1      1      1      1      1      0
   PHEB3996      1      1      1      1      1      1      1      1      1      1      0
   ALAB3997      1      1      1      1      1      1      1      1      1      1      0
   HISB3998      1      1      2      2      1      1      1      3      3      3      0
   METB3999      1      1      1      1      1      1      1      1      1      1      0
   METB4000      1      1      1      1      1      1      1      1      1      1      0
   METB4001      1      1      1      1      1      1      1      1      1      1      0
   LYSB4002      1      1      1      1      1      1      1      2      2      2      0
   LEUB4003      1      1      1      1      1      1      1      1      1      1      0
   ALAB4004      1      1      1      1      1      1      1      1      1      1      0
   GLNB4005      1      1      2      2      2      2      2      2      2      2      0
   ASPB4006      1      1      1      1      1      1      1      3      5      5      0
   SERB4007      1      1      1      1      1      1      1      1      2      2      0
   SERB4008      1      1      1      1      1      1      1      1      2      2      0
   GLNB4009      1      1      2      2      2      2      2      2      2      2      0
   ILEB4010      1      1      1      1      1      1      1      1      1      1      0
   GLUB4011      1      1      1      1      1      1      1      3      5      5      0
   LEUB4012      1      1      1      1      1      1      1      1      1      1      0
   LEUB4013      1      1      1      1      1      1      1      1      1      1      0
   LYSB4014      1      1      1      1      1      1      1      2      2      2      0
   GLUB4015      1      1      1      1      1      1      1      3      5      5      0
   LEUB4016      1      1      1      1      1      1      1      1      1      1      0
   LEUB4017      1      1      1      1      1      1      1      1      1      1      0
   ASPB4018      1      1      1      1      1      1      1      3      5      5      0
   LEUB4019      1      1      1      1      1      1      1      1      1      1      0
   GLNB4020      1      1      2      2      2      2      2      2      2      2      0
   LYSB4021      1      1      1      1      1      1      1      2      2      2      0
   ASPB4022      1      1      1      1      1      1      1      3      5      5      0
   METB4023      1      1      1      1      1      1      1      1      1      1      0
   VALB4024      1      1      1      1      1      1      1      1      1      1      0
   VALB4025      1      1      1      1      1      1      1      1      1      1      0
   METB4026      1      1      1      1      1      1      1      1      1      1      0
   LEUB4027      1      1      1      1      1      1      1      1      1      1      0
   LEUB4028      1      1      1      1      1      1      1      1      1      1      0
   SERB4029      1      1      1      1      1      1      1      1      3      3      0
   LEUB4030      1      1      1      1      1      1      1      1      1      1      0
   LEUB4031      1      1      1      1      1      1      1      1      1      1      0
   GLUB4032      1      1      1      1      1      1      1      3      5      5      0
   GLYB4033      0      0      0      0      0      0      0      0      0      0      0
   ASNB4034      1      1      2      2      2      2      2      2      2      2      0
   VALB4035      1      1      1      1      1      1      1      1      1      1      0
   VALB4036      1      1      1      1      1      1      1      1      1      1      0
   ASNB4037      1      1      2      2      2      2      2      2      2      2      0
   GLYB4038      0      0      0      0      0      0      0      0      0      0      0
   METB4039      1      1      1      1      1      1      1      1      1      1      0
   ILEB4040      1      1      1      1      1      1      1      1      1      1      0
   ALAB4041      1      1      1      1      1      1      1      1      1      1      0
   ARGB4042      1      1      1      1      1      1      1      4      4      4      0
   GLNB4043      1      1      2      2      2      2      2      2      2      2      0
   METB4044      1      1      1      1      1      1      1      1      1      1      0
   VALB4045      1      1      1      1      1      1      1      1      1      1      0
   ASPB4046      1      1      1      1      1      1      1      3      5      5      0
   METB4047      1      1      1      1      1      1      1      1      1      1      0
   LEUB4048      1      1      1      1      1      1      1      1      1      1      0
   VALB4049      1      1      1      1      1      1      1      1      1      1      0
   GLUB4050      1      1      1      1      1      1      1      3      5      5      0
   SERB4051      1      1      1      1      1      1      1      1      1      1      0
   SERB4052      1      1      1      1      1      1      1      1      2      2      0
   SERB4053      1      1      1      1      1      1      1      1      2      2      0
   ASNB4054      1      1      2      2      2      2      2      2      2      2      0
   VALB4055      1      1      1      1      1      1      1      1      1      1      0
   GLUB4056      1      1      1      1      1      1      1      3      5      5      0
   METB4057      1      1      1      1      1      1      1      1      1      1      0
   ILEB4058      1      1      1      1      1      1      1      1      1      1      0
   LEUB4059      1      1      1      1      1      1      1      1      1      1      0
   LYSB4060      1      1      1      1      1      1      1      2      2      2      0
   PHEB4061      1      1      1      1      1      1      1      1      1      1      0
   PHEB4062      1      1      1      1      1      1      1      1      1      1      0
   CTRB4062      1      1      1      1      1      1      1      3      5      5      0
   NTRB4063      1      1      1      1      1      1      1      2      2      2      0
   ASPB4063      1      1      1      1      1      1      1      3      5      5      0
   METB4064      1      1      1      1      1      1      1      1      1      1      0
   PHEB4065      1      1      1      1      1      1      1      1      1      1      0
   LEUB4066      1      1      1      1      1      1      1      1      1      1      0
   LYSB4067      1      1      1      1      1      1      1      2      2      2      0
   LEUB4068      1      1      1      1      1      1      1      1      1      1      0
   LYSB4069      1      1      1      1      1      1      1      2      2      2      0
   ASPB4070      1      1      1      1      1      1      1      3      5      5      0
   ILEB4071      1      1      1      1      1      1      1      1      1      1      0
   VALB4072      1      1      1      1      1      1      1      1      1      1      0
   GLYB4073      0      0      0      0      0      0      0      0      0      0      0
   SERB4074      1      1      1      1      1      1      1      1      1      1      0
   GLUB4075      1      1      1      1      1      1      1      3      5      5      0
   ALAB4076      1      1      1      1      1      1      1      1      1      1      0
   PHEB4077      1      1      1      1      1      1      1      1      1      1      0
   GLNB4078      1      1      2      2      2      2      2      2      2      2      0
   ASPB4079      1      1      1      1      1      1      1      3      5      5      0
   TYRB4080      1      1      1      1      1      1      1      2      2      2      0
   VALB4081      1      1      1      1      1      1      1      1      1      1      0
   THRB4082      1      1      1      1      1      1      1      1      3      3      0
   ASPB4083      1      1      1      1      1      1      1      3      5      5      0
   PROB4084      1      1      1      1      1      1      1      1      1      1      0
   ARGB4085      1      1      1      1      1      1      1      4      5      5      0
   GLYB4086      0      0      0      0      0      0      0      0      0      0      0
   LEUB4087      1      1      1      1      1      1      1      1      1      1      0
   ILEB4088      1      1      1      1      1      1      1      1      1      1      0
   SERB4089      1      1      1      1      1      1      1      1      3      3      0
   LYSB4090      1      1      1      1      1      1      1      2      2      2      0
   LYSB4091      1      1      1      1      1      1      1      2      2      2      0
   ASPB4092      1      1      1      1      1      1      1      3      5      5      0
   PHEB4093      1      1      1      1      1      1      1      1      1      1      0
   GLNB4094      1      1      2      2      2      2      2      2      2      2      0
   LYSB4095      1      1      1      1      1      1      1      2      2      2      0
   ALAB4096      1      1      1      1      1      1      1      1      1      1      0
   METB4097      1      1      1      1      1      1      1      1      1      1      0
   ASPB4098      1      1      1      1      1      1      1      3      5      5      0
   SERB4099      1      1      1      1      1      1      1      1      2      2      0
   GLNB4100      1      1      2      2      2      2      1      1      1      1      0
   LYSB4101      1      1      1      1      1      1      1      2      2      2      0
   GLNB4102      1      1      2      2      2      2      2      2      2      2      0
   PHEB4103      1      1      1      1      1      1      1      1      1      1      0
   THRB4104      1      1      1      1      1      1      1      1      2      2      0
   GLYB4105      0      0      0      0      0      0      0      0      0      0      0
   PROB4106      1      1      1      1      1      1      1      1      1      1      0
   GLUB4107      1      1      1      1      1      1      1      3      5      5      0
   ILEB4108      1      1      1      1      1      1      1      1      1      1      0
   GLNB4109      1      1      2      2      2      2      2      2      2      2      0
   PHEB4110      1      1      1      1      1      1      1      1      1      1      0
   LEUB4111      1      1      1      1      1      1      1      1      1      1      0
   LEUB4112      1      1      1      1      1      1      1      1      1      1      0
   SERB4113      1      1      1      1      1      1      1      1      1      1      0
   CYSB4114      1      1      1      1      1      1      1      2      4      4      0
   SERB4115      1      1      1      1      1      1      1      1      1      1      0
   GLUB4116      1      1      1      1      1      1      1      3      5      5      0
   ALAB4117      1      1      1      1      1      1      1      1      1      1      0
   ASPB4118      1      1      1      1      1      1      1      3      5      5      0
   GLUB4119      1      1      1      1      1      1      1      3      5      5      0
   ASNB4120      1      1      2      2      2      2      2      2      2      2      0
   GLUB4121      1      1      1      1      1      1      1      3      5      5      0
   METB4122      1      1      1      1      1      1      1      1      1      1      0
   ILEB4123      1      1      1      1      1      1      1      1      1      1      0
   ASNB4124      1      1      2      2      2      2      2      2      2      2      0
   PHEB4125      1      1      1      1      1      1      1      1      1      1      0
   GLUB4126      1      1      1      1      1      1      1      3      5      5      0
   GLUB4127      1      1      1      1      1      1      1      3      5      5      0
   PHEB4128      1      1      1      1      1      1      1      1      1      1      0
   ALAB4129      1      1      1      1      1      1      1      1      1      1      0
   ASNB4130      1      1      2      2      2      2      2      2      2      2      0
   ARGB4131      1      1      1      1      1      1      1      4      5      5      0
   PHEB4132      1      1      1      1      1      1      1      1      1      1      0
   GLNB4133      1      1      2      2      2      2      2      2      2      2      0
   GLUB4134      1      1      1      1      1      1      1      3      5      5      0
   PROB4135      1      1      1      1      1      1      1      1      1      1      0
   ALAB4136      1      1      1      1      1      1      1      1      1      1      0
   ARGB4137      1      1      1      1      1      1      1      4      5      5      0
   ASPB4138      1      1      1      1      1      1      1      3      5      5      0
   ILEB4139      1      1      1      1      1      1      1      1      1      1      0
   GLYB4140      0      0      0      0      0      0      0      0      0      0      0
   PHEB4141      1      1      1      1      1      1      1      1      1      1      0
   ASNB4142      1      1      2      2      2      2      2      2      2      2      0
   VALB4143      1      1      1      1      1      1      1      1      1      1      0
   ALAB4144      1      1      1      1      1      1      1      1      1      1      0
   VALB4145      1      1      1      1      1      1      1      1      1      1      0
   LEUB4146      1      1      1      1      1      1      1      1      1      1      0
   LEUB4147      1      1      1      1      1      1      1      1      1      1      0
   THRB4148      1      1      1      1      1      1      1      1      1      1      0
   ASNB4149      1      1      2      2      2      2      2      2      2      2      0
   LEUB4150      1      1      1      1      1      1      1      1      1      1      0
   SERB4151      1      1      1      1      1      1      1      1      2      2      0
   GLUB4152      1      1      1      1      1      1      1      3      5      5      0
   HISB4153      1      1      2      2      2      2      2      6      6      6      0
   VALB4154      1      1      1      1      1      1      1      1      1      1      0
   PROB4155      1      1      1      1      1      1      1      1      1      1      0
   HISB4156      1      1      2      2      2      2      2      6      6      6      0
   ASPB4157      1      1      1      1      1      1      1      3      5      5      0
   PROB4158      1      1      1      1      1      1      1      1      1      1      0
   ARGB4159      1      1      1      1      1      1      1      4      5      5      0
   LEUB4160      1      1      1      1      1      1      1      1      1      1      0
   ARGB4161      1      1      1      1      1      1      1      4      4      4      0
   ASNB4162      1      1      2      2      2      2      2      2      2      2      0
   PHEB4163      1      1      1      1      1      1      1      1      1      1      0
   LEUB4164      1      1      1      1      1      1      1      1      1      1      0
   GLUB4165      1      1      1      1      1      1      1      3      5      5      0
   LEUB4166      1      1      1      1      1      1      1      1      1      1      0
   ALAB4167      1      1      1      1      1      1      1      1      1      1      0
   GLUB4168      1      1      1      1      1      1      1      3      5      5      0
   SERB4169      1      1      1      1      1      1      1      1      3      3      0
   ILEB4170      1      1      1      1      1      1      1      1      1      1      0
   LEUB4171      1      1      1      1      1      1      1      1      1      1      0
   GLUB4172      1      1      1      1      1      1      1      3      5      5      0
   TYRB4173      1      1      1      1      1      1      1      2      3      3      0
   PHEB4174      1      1      1      1      1      1      1      1      1      1      0
   ARGB4175      1      1      1      1      1      1      1      4      5      5      0
   PROB4176      1      1      1      1      1      1      1      1      1      1      0
   TYRB4177      1      1      1      1      1      1      1      2      3      3      0
   LEUB4178      1      1      1      1      1      1      1      1      1      1      0
   GLYB4179      0      0      0      0      0      0      0      0      0      0      0
   ARGB4180      1      1      1      1      1      1      1      4      5      5      0
   ILEB4181      1      1      1      1      1      1      1      1      1      1      0
   GLUB4182      1      1      1      1      1      1      1      3      5      5      0
   ILEB4183      1      1      1      1      1      1      1      1      1      1      0
   METB4184      1      1      1      1      1      1      1      1      1      1      0
   GLYB4185      0      0      0      0      0      0      0      0      0      0      0
   ALAB4186      1      1      1      1      1      1      1      1      1      1      0
   SERB4187      1      1      1      1      1      1      1      1      3      3      0
   ARGB4188      1      1      1      1      1      1      1      4      4      4      0
   ARGB4189      1      1      1      1      1      1      1      4      4      4      0
   ILEB4190      1      1      1      1      1      1      1      1      1      1      0
   GLUB4191      1      1      1      1      1      1      1      3      5      5      0
   ARGB4192      1      1      1      1      1      1      1      4      6      6      0
   ILEB4193      1      1      1      1      1      1      1      1      1      1      0
   TYRB4194      1      1      1      1      1      1      1      2      2      2      0
   PHEB4195      1      1      1      1      1      1      1      1      1      1      0
   GLUB4196      1      1      1      1      1      1      1      3      5      5      0
   ILEB4197      1      1      1      1      1      1      1      1      1      1      0
   SERB4198      1      1      1      1      1      1      1      1      2      2      0
   GLUB4199      1      1      1      1      1      1      1      3      5      5      0
   THRB4200      1      1      1      1      1      1      1      1      2      2      0
   ASNB4201      1      1      2      2      2      2      2      2      2      2      0
   ARGB4202      1      1      1      1      1      1      1      4      4      4      0
   ALAB4203      1      1      1      1      1      1      1      1      1      1      0
   GLNB4204      1      1      2      2      2      2      2      2      2      2      0
   TRPB4205      1      1      1      1      1      1      1      1      1      1      0
   GLUB4206      1      1      1      1      1      1      1      3      5      5      0
   METB4207      1      1      1      1      1      1      1      1      1      1      0
   PROB4208      1      1      1      1      1      1      1      1      1      1      0
   GLNB4209      1      1      2      2      2      2      2      2      2      2      0
   VALB4210      1      1      1      1      1      1      1      1      1      1      0
   LYSB4211      1      1      1      1      1      1      1      2      2      2      0
   GLUB4212      1      1      1      1      1      1      1      3      5      5      0
   SERB4213      1      1      1      1      1      1      1      1      2      2      0
   LYSB4214      1      1      1      1      1      1      1      2      2      2      0
   ARGB4215      1      1      1      1      1      1      1      4      4      4      0
   GLNB4216      1      1      2      2      2      2      2      2      2      2      0
   PHEB4217      1      1      1      1      1      1      1      1      1      1      0
   ILEB4218      1      1      1      1      1      1      1      1      1      1      0
   PHEB4219      1      1      1      1      1      1      1      1      1      1      0
   ASPB4220      1      1      1      1      1      1      1      3      5      5      0
   VALB4221      1      1      1      1      1      1      1      1      1      1      0
   VALB4222      1      1      1      1      1      1      1      1      1      1      0
   ASNB4223      1      1      2      2      2      2      2      2      2      2      0
   GLUB4224      1      1      1      1      1      1      1      3      5      5      0
   GLYB4225      0      0      0      0      0      0      0      0      0      0      0
   GLYB4226      0      0      0      0      0      0      0      0      0      0      0
   GLUB4227      1      1      1      1      1      1      1      3      5      5      0
   ALAB4228      1      1      1      1      1      1      1      1      1      1      0
   GLUB4229      1      1      1      1      1      1      1      3      5      5      0
   LYSB4230      1      1      1      1      1      1      1      2      2      2      0
   METB4231      1      1      1      1      1      1      1      1      1      1      0
   GLUB4232      1      1      1      1      1      1      1      3      5      5      0
   LEUB4233      1      1      1      1      1      1      1      1      1      1      0
   PHEB4234      1      1      1      1      1      1      1      1      1      1      0
   VALB4235      1      1      1      1      1      1      1      1      1      1      0
   SERB4236      1      1      1      1      1      1      1      1      3      3      0
   PHEB4237      1      1      1      1      1      1      1      1      1      1      0
   CYSB4238      1      1      1      1      1      1      1      2      4      4      0
   GLUB4239      1      1      1      1      1      1      1      3      5      5      0
   ASPB4240      1      1      1      1      1      1      1      3      5      5      0
   THRB4241      1      1      1      1      1      1      1      1      2      2      0
   ILEB4242      1      1      1      1      1      1      1      1      1      1      0
   PHEB4243      1      1      1      1      1      1      1      1      1      1      0
   GLUB4244      1      1      1      1      1      1      1      3      5      5      0
   METB4245      1      1      1      1      1      1      1      1      1      1      0
   GLNB4246      1      1      2      2      2      2      2      2      2      2      0
   ILEB4247      1      1      1      1      1      1      1      1      1      1      0
   ALAB4248      1      1      1      1      1      1      1      1      1      1      0
   ALAB4249      1      1      1      1      1      1      1      1      1      1      0
   GLNB4250      1      1      2      2      2      2      2      2      2      2      0
   ILEB4251      1      1      1      1      1      1      1      1      1      1      0
   SERB4252      1      1      1      1      1      1      1      1      2      2      0
   GLUB4253      1      1      1      1      1      1      1      3      5      5      0
   CTRB4253      1      1      1      1      1      1      1      3      5      5      0
   NTRB4540      1      1      1      1      1      1      1      2      2      2      0
   PHEB4540      1      1      1      1      1      1      1      1      1      1      0
   TRPB4541      1      1      1      1      1      1      1      1      1      1      0
   GLYB4542      0      0      0      0      0      0      0      0      0      0      0
   GLUB4543      1      1      1      1      1      1      1      3      5      5      0
   LEUB4544      1      1      1      1      1      1      1      1      1      1      0
   GLUB4545      1      1      1      1      1      1      1      3      5      5      0
   VALB4546      1      1      1      1      1      1      1      1      1      1      0
   GLNB4547      1      1      2      2      2      2      2      2      2      2      0
   ARGB4548      1      1      1      1      1      1      1      4      5      5      0
   VALB4549      1      1      1      1      1      1      1      1      1      1      0
   LYSB4550      1      1      1      1      1      1      1      2      2      2      0
   PHEB4551      1      1      1      1      1      1      1      1      1      1      0
   LEUB4552      1      1      1      1      1      1      1      1      1      1      0
   ASNB4553      1      1      2      2      2      2      2      2      2      2      0
   TYRB4554      1      1      1      1      1      1      1      2      2      2      0
   LEUB4555      1      1      1      1      1      1      1      1      1      1      0
   SERB4556      1      1      1      1      1      1      1      1      2      2      0
   ARGB4557      1      1      1      1      1      1      1      4      4      4      0
   ASNB4558      1      1      2      2      2      2      1      1      1      1      0
   PHEB4559      1      1      1      1      1      1      1      1      1      1      0
   TYRB4560      1      1      1      1      1      1      1      2      3      3      0
   THRB4561      1      1      1      1      1      1      1      1      1      1      0
   LEUB4562      1      1      1      1      1      1      1      1      1      1      0
   ARGB4563      1      1      1      1      1      1      1      4      6      6      0
   PHEB4564      1      1      1      1      1      1      1      1      1      1      0
   LEUB4565      1      1      1      1      1      1      1      1      1      1      0
   ALAB4566      1      1      1      1      1      1      1      1      1      1      0
   LEUB4567      1      1      1      1      1      1      1      1      1      1      0
   PHEB4568      1      1      1      1      1      1      1      1      1      1      0
   LEUB4569      1      1      1      1      1      1      1      1      1      1      0
   ALAB4570      1      1      1      1      1      1      1      1      1      1      0
   PHEB4571      1      1      1      1      1      1      1      1      1      1      0
   ALAB4572      1      1      1      1      1      1      1      1      1      1      0
   ILEB4573      1      1      1      1      1      1      1      1      1      1      0
   ASNB4574      1      1      2      2      2      2      2      2      2      2      0
   PHEB4575      1      1      1      1      1      1      1      1      1      1      0
   ILEB4576      1      1      1      1      1      1      1      1      1      1      0
   LEUB4577      1      1      1      1      1      1      1      1      1      1      0
   LEUB4578      1      1      1      1      1      1      1      1      1      1      0
   PHEB4579      1      1      1      1      1      1      1      1      1      1      0
   TYRB4580      1      1      1      1      1      1      1      2      2      2      0
   LYSB4581      1      1      1      1      1      1      1      2      2      2      0
   VALB4582      1      1      1      1      1      1      1      1      1      1      0
   SERB4583      1      1      1      1      1      1      1      1      2      2      0
   ASPB4584      1      1      1      1      1      1      1      3      5      5      0
   SERB4585      1      1      1      1      1      1      1      1      2      2      0
   PROB4586      1      1      1      1      1      1      1      1      1      1      0
   PROB4587      1      1      1      1      1      1      1      1      1      1      0
   CTRB4587      1      1      1      1      1      1      1      3      5      5      0
   NTRB4626      1      1      1      1      1      1      1      2      2      2      0
   ASNB4626      1      1      2      2      1      1      1      1      1      1      0
   METB4627      1      1      1      1      1      1      1      1      1      1      0
   VALB4628      1      1      1      1      1      1      1      1      1      1      0
   TYRB4629      1      1      1      1      1      1      1      2      2      2      0
   TYRB4630      1      1      1      1      1      1      1      2      2      2      0
   PHEB4631      1      1      1      1      1      1      1      1      1      1      0
   LEUB4632      1      1      1      1      1      1      1      1      1      1      0
   GLUB4633      1      1      1      1      1      1      1      3      5      5      0
   GLUB4634      1      1      1      1      1      1      1      3      5      5      0
   SERB4635      1      1      1      1      1      1      1      1      1      1      0
   THRB4636      1      1      1      1      1      1      1      1      3      3      0
   GLYB4637      0      0      0      0      0      0      0      0      0      0      0
   TYRB4638      1      1      1      1      1      1      1      2      2      2      0
   METB4639      1      1      1      1      1      1      1      1      1      1      0
   GLUB4640      1      1      1      1      1      1      1      3      5      5      0
   PROB4641      1      1      1      1      1      1      1      1      1      1      0
   ALAB4642      1      1      1      1      1      1      1      1      1      1      0
   LEUB4643      1      1      1      1      1      1      1      1      1      1      0
   TRPB4644      1      1      1      1      1      1      1      1      1      1      0
   CYSB4645      1      1      1      1      1      1      1      2      4      4      0
   LEUB4646      1      1      1      1      1      1      1      1      1      1      0
   SERB4647      1      1      1      1      1      1      1      1      3      3      0
   LEUB4648      1      1      1      1      1      1      1      1      1      1      0
   LEUB4649      1      1      1      1      1      1      1      1      1      1      0
   HISB4650      1      1      2      2      2      2      1      3      3      3      0
   THRB4651      1      1      1      1      1      1      1      1      3      3      0
   LEUB4652      1      1      1      1      1      1      1      1      1      1      0
   VALB4653      1      1      1      1      1      1      1      1      1      1      0
   ALAB4654      1      1      1      1      1      1      1      1      1      1      0
   PHEB4655      1      1      1      1      1      1      1      1      1      1      0
   LEUB4656      1      1      1      1      1      1      1      1      1      1      0
   CYSB4657      1      1      1      1      1      1      1      2      4      4      0
   ILEB4658      1      1      1      1      1      1      1      1      1      1      0
   ILEB4659      1      1      1      1      1      1      1      1      1      1      0
   GLYB4660      0      0      0      0      0      0      0      0      0      0      0
   TYRB4661      1      1      1      1      1      1      1      2      3      3      0
   ASNB4662      1      1      2      2      2      2      2      2      2      2      0
   CYSB4663      1      1      1      1      1      1      1      2      4      4      0
   LEUB4664      1      1      1      1      1      1      1      1      1      1      0
   LYSB4665      1      1      1      1      1      1      1      2      2      2      0
   VALB4666      1      1      1      1      1      1      1      1      1      1      0
   PROB4667      1      1      1      1      1      1      1      1      1      1      0
   LEUB4668      1      1      1      1      1      1      1      1      1      1      0
   VALB4669      1      1      1      1      1      1      1      1      1      1      0
   ILEB4670      1      1      1      1      1      1      1      1      1      1      0
   PHEB4671      1      1      1      1      1      1      1      1      1      1      0
   LYSB4672      1      1      1      1      1      1      1      2      2      2      0
   ARGB4673      1      1      1      1      1      1      1      4      6      6      0
   GLUB4674      1      1      1      1      1      1      1      3      5      5      0
   LYSB4675      1      1      1      1      1      1      1      2      2      2      0
   GLUB4676      1      1      1      1      1      1      1      3      5      5      0
   LEUB4677      1      1      1      1      1      1      1      1      1      1      0
   ALAB4678      1      1      1      1      1      1      1      1      1      1      0
   ARGB4679      1      1      1      1      1      1      1      4      6      6      0
   LYSB4680      1      1      1      1      1      1      1      2      2      2      0
   LEUB4681      1      1      1      1      1      1      1      1      1      1      0
   GLUB4682      1      1      1      1      1      1      1      3      5      5      0
   PHEB4683      1      1      1      1      1      1      1      1      1      1      0
   ASPB4684      1      1      1      1      1      1      1      3      5      5      0
   GLYB4685      0      0      0      0      0      0      0      0      0      0      0
   LEUB4686      1      1      1      1      1      1      1      1      1      1      0
   TYRB4687      1      1      1      1      1      1      1      2      3      3      0
   ILEB4688      1      1      1      1      1      1      1      1      1      1      0
   THRB4689      1      1      1      1      1      1      1      1      2      2      0
   GLUB4690      1      1      1      1      1      1      1      3      5      5      0
   GLNB4691      1      1      2      2      2      2      2      2      2      2      0
   PROB4692      1      1      1      1      1      1      1      1      1      1      0
   GLYB4693      0      0      0      0      0      0      0      0      0      0      0
   ASPB4694      1      1      1      1      1      1      1      3      5      5      0
   ASPB4695      1      1      1      1      1      1      1      3      5      5      0
   ASPB4696      1      1      1      1      1      1      1      3      5      5      0
   VALB4697      1      1      1      1      1      1      1      1      1      1      0
   LYSB4698      1      1      1      1      1      1      1      2      2      2      0
   GLYB4699      0      0      0      0      0      0      0      0      0      0      0
   GLNB4700      1      1      2      2      2      2      2      2      2      2      0
   TRPB4701      1      1      1      1      1      1      1      1      1      1      0
   ASPB4702      1      1      1      1      1      1      1      3      5      5      0
   ARGB4703      1      1      1      1      1      1      1      4      4      4      0
   LEUB4704      1      1      1      1      1      1      1      1      1      1      0
   VALB4705      1      1      1      1      1      1      1      1      1      1      0
   LEUB4706      1      1      1      1      1      1      1      1      1      1      0
   ASNB4707      1      1      2      2      1      1      1      1      1      1      0
   THRB4708      1      1      1      1      1      1      1      1      2      2      0
   PROB4709      1      1      1      1      1      1      1      1      1      1      0
   SERB4710      1      1      1      1      1      1      1      1      3      3      0
   PHEB4711      1      1      1      1      1      1      1      1      1      1      0
   PROB4712      1      1      1      1      1      1      1      1      1      1      0
   SERB4713      1      1      1      1      1      1      1      1      2      2      0
   ASNB4714      1      1      2      2      2      2      2      2      2      2      0
   TYRB4715      1      1      1      1      1      1      1      2      3      3      0
   TRPB4716      1      1      1      1      1      1      1      1      1      1      0
   ASPB4717      1      1      1      1      1      1      1      3      5      5      0
   LYSB4718      1      1      1      1      1      1      1      2      2      2      0
   PHEB4719      1      1      1      1      1      1      1      1      1      1      0
   VALB4720      1      1      1      1      1      1      1      1      1      1      0
   LYSB4721      1      1      1      1      1      1      1      2      2      2      0
   ARGB4722      1      1      1      1      1      1      1      4      4      4      0
   LYSB4723      1      1      1      1      1      1      1      2      2      2      0
   VALB4724      1      1      1      1      1      1      1      1      1      1      0
   LEUB4725      1      1      1      1      1      1      1      1      1      1      0
   ASPB4726      1      1      1      1      1      1      1      3      5      5      0
   LYSB4727      1      1      1      1      1      1      1      2      2      2      0
   HISB4728      1      1      2      2      2      2      2      6      6      6      0
   GLYB4729      0      0      0      0      0      0      0      0      0      0      0
   ASPB4730      1      1      1      1      1      1      1      3      5      5      0
   ILEB4731      1      1      1      1      1      1      1      1      1      1      0
   PHEB4732      1      1      1      1      1      1      1      1      1      1      0
   GLYB4733      0      0      0      0      0      0      0      0      0      0      0
   ARGB4734      1      1      1      1      1      1      1      4      4      4      0
   GLUB4735      1      1      1      1      1      1      1      3      5      5      0
   ARGB4736      1      1      1      1      1      1      1      4      4      4      0
   ILEB4737      1      1      1      1      1      1      1      1      1      1      0
   ALAB4738      1      1      1      1      1      1      1      1      1      1      0
   GLUB4739      1      1      1      1      1      1      1      3      5      5      0
   LEUB4740      1      1      1      1      1      1      1      1      1      1      0
   LEUB4741      1      1      1      1      1      1      1      1      1      1      0
   GLYB4742      0      0      0      0      0      0      0      0      0      0      0
   METB4743      1      1      1      1      1      1      1      1      1      1      0
   ASPB4744      1      1      1      1      1      1      1      3      5      5      0
   LEUB4745      1      1      1      1      1      1      1      1      1      1      0
   ALAB4746      1      1      1      1      1      1      1      1      1      1      0
   SERB4747      1      1      1      1      1      1      1      1      2      2      0
   LEUB4748      1      1      1      1      1      1      1      1      1      1      0
   GLUB4749      1      1      1      1      1      1      1      3      5      5      0
   ILEB4750      1      1      1      1      1      1      1      1      1      1      0
   THRB4751      1      1      1      1      1      1      1      1      1      1      0
   ALAB4752      1      1      1      1      1      1      1      1      1      1      0
   HISB4753      1      1      2      2      1      1      1      3      3      3      0
   ASNB4754      1      1      2      2      2      2      1      1      1      1      0
   GLUB4755      1      1      1      1      1      1      1      3      5      5      0
   ARGB4756      1      1      1      1      1      1      1      4      5      5      0
   LYSB4757      1      1      1      1      1      1      1      2      2      2      0
   PROB4758      1      1      1      1      1      1      1      1      1      1      0
   ASPB4759      1      1      1      1      1      1      1      3      5      5      0
   PROB4760      1      1      1      1      1      1      1      1      1      1      0
   PROB4761      1      1      1      1      1      1      1      1      1      1      0
   PROB4762      1      1      1      1      1      1      1      1      1      1      0
   GLYB4763      0      0      0      0      0      0      0      0      0      0      0
   LEUB4764      1      1      1      1      1      1      1      1      1      1      0
   LEUB4765      1      1      1      1      1      1      1      1      1      1      0
   THRB4766      1      1      1      1      1      1      1      1      2      2      0
   TRPB4767      1      1      1      1      1      1      1      1      1      1      0
   LEUB4768      1      1      1      1      1      1      1      1      1      1      0
   METB4769      1      1      1      1      1      1      1      1      1      1      0
   SERB4770      1      1      1      1      1      1      1      1      1      1      0
   ILEB4771      1      1      1      1      1      1      1      1      1      1      0
   ASPB4772      1      1      1      1      1      1      1      3      5      5      0
   VALB4773      1      1      1      1      1      1      1      1      1      1      0
   LYSB4774      1      1      1      1      1      1      1      2      2      2      0
   TYRB4775      1      1      1      1      1      1      1      2      3      3      0
   GLNB4776      1      1      2      2      2      2      1      1      1      1      0
   ILEB4777      1      1      1      1      1      1      1      1      1      1      0
   TRPB4778      1      1      1      1      1      1      1      1      1      1      0
   LYSB4779      1      1      1      1      1      1      1      2      2      2      0
   PHEB4780      1      1      1      1      1      1      1      1      1      1      0
   GLYB4781      0      0      0      0      0      0      0      0      0      0      0
   VALB4782      1      1      1      1      1      1      1      1      1      1      0
   ILEB4783      1      1      1      1      1      1      1      1      1      1      0
   PHEB4784      1      1      1      1      1      1      1      1      1      1      0
   THRB4785      1      1      1      1      1      1      1      1      2      2      0
   ASPB4786      1      1      1      1      1      1      1      3      5      5      0
   ASNB4787      1      1      2      2      2      2      2      2      2      2      0
   SERB4788      1      1      1      1      1      1      1      1      2      2      0
   PHEB4789      1      1      1      1      1      1      1      1      1      1      0
   LEUB4790      1      1      1      1      1      1      1      1      1      1      0
   TYRB4791      1      1      1      1      1      1      1      2      3      3      0
   LEUB4792      1      1      1      1      1      1      1      1      1      1      0
   GLYB4793      0      0      0      0      0      0      0      0      0      0      0
   TRPB4794      1      1      1      1      1      1      1      1      1      1      0
   TYRB4795      1      1      1      1      1      1      1      2      2      2      0
   METB4796      1      1      1      1      1      1      1      1      1      1      0
   VALB4797      1      1      1      1      1      1      1      1      1      1      0
   METB4798      1      1      1      1      1      1      1      1      1      1      0
   SERB4799      1      1      1      1      1      1      1      1      3      3      0
   LEUB4800      1      1      1      1      1      1      1      1      1      1      0
   LEUB4801      1      1      1      1      1      1      1      1      1      1      0
   GLYB4802      0      0      0      0      0      0      0      0      0      0      0
   HISB4803      1      1      2      2      2      2      2      6      6      6      0
   TYRB4804      1      1      1      1      1      1      1      2      3      3      0
   ASNB4805      1      1      2      2      2      2      2      2      2      2      0
   ASNB4806      1      1      2      2      2      2      2      2      2      2      0
   PHEB4807      1      1      1      1      1      1      1      1      1      1      0
   PHEB4808      1      1      1      1      1      1      1      1      1      1      0
   PHEB4809      1      1      1      1      1      1      1      1      1      1      0
   ALAB4810      1      1      1      1      1      1      1      1      1      1      0
   ALAB4811      1      1      1      1      1      1      1      1      1      1      0
   HISB4812      1      1      2      2      2      2      1      3      3      3      0
   LEUB4813      1      1      1      1      1      1      1      1      1      1      0
   LEUB4814      1      1      1      1      1      1      1      1      1      1      0
   ASPB4815      1      1      1      1      1      1      1      3      5      5      0
   ILEB4816      1      1      1      1      1      1      1      1      1      1      0
   ALAB4817      1      1      1      1      1      1      1      1      1      1      0
   METB4818      1      1      1      1      1      1      1      1      1      1      0
   GLYB4819      0      0      0      0      0      0      0      0      0      0      0
   VALB4820      1      1      1      1      1      1      1      1      1      1      0
   LYSB4821      1      1      1      1      1      1      1      2      2      2      0
   THRB4822      1      1      1      1      1      1      1      1      2      2      0
   LEUB4823      1      1      1      1      1      1      1      1      1      1      0
   ARGB4824      1      1      1      1      1      1      1      4      4      4      0
   THRB4825      1      1      1      1      1      1      1      1      2      2      0
   ILEB4826      1      1      1      1      1      1      1      1      1      1      0
   LEUB4827      1      1      1      1      1      1      1      1      1      1      0
   SERB4828      1      1      1      1      1      1      1      1      2      2      0
   SERB4829      1      1      1      1      1      1      1      1      2      2      0
   VALB4830      1      1      1      1      1      1      1      1      1      1      0
   THRB4831      1      1      1      1      1      1      1      1      3      3      0
   HISB4832      1      1      2      2      2      2      2      6      6      6      0
   ASNB4833      1      1      2      2      2      2      2      2      2      2      0
   GLYB4834      0      0      0      0      0      0      0      0      0      0      0
   LYSB4835      1      1      1      1      1      1      1      2      2      2      0
   GLNB4836      1      1      2      2      2      2      2      2      2      2      0
   LEUB4837      1      1      1      1      1      1      1      1      1      1      0
   VALB4838      1      1      1      1      1      1      1      1      1      1      0
   METB4839      1      1      1      1      1      1      1      1      1      1      0
   THRB4840      1      1      1      1      1      1      1      1      2      2      0
   VALB4841      1      1      1      1      1      1      1      1      1      1      0
   GLYB4842      0      0      0      0      0      0      0      0      0      0      0
   LEUB4843      1      1      1      1      1      1      1      1      1      1      0
   LEUB4844      1      1      1      1      1      1      1      1      1      1      0
   ALAB4845      1      1      1      1      1      1      1      1      1      1      0
   VALB4846      1      1      1      1      1      1      1      1      1      1      0
   VALB4847      1      1      1      1      1      1      1      1      1      1      0
   VALB4848      1      1      1      1      1      1      1      1      1      1      0
   TYRB4849      1      1      1      1      1      1      1      2      2      2      0
   LEUB4850      1      1      1      1      1      1      1      1      1      1      0
   TYRB4851      1      1      1      1      1      1      1      2      2      2      0
   THRB4852      1      1      1      1      1      1      1      1      3      3      0
   VALB4853      1      1      1      1      1      1      1      1      1      1      0
   VALB4854      1      1      1      1      1      1      1      1      1      1      0
   ALAB4855      1      1      1      1      1      1      1      1      1      1      0
   PHEB4856      1      1      1      1      1      1      1      1      1      1      0
   ASNB4857      1      1      2      2      2      2      2      2      2      2      0
   PHEB4858      1      1      1      1      1      1      1      1      1      1      0
   PHEB4859      1      1      1      1      1      1      1      1      1      1      0
   ARGB4860      1      1      1      1      1      1      1      4      4      4      0
   LYSB4861      1      1      1      1      1      1      1      2      2      2      0
   PHEB4862      1      1      1      1      1      1      1      1      1      1      0
   TYRB4863      1      1      1      1      1      1      1      2      3      3      0
   ASNB4864      1      1      2      2      2      2      2      2      2      2      0
   LYSB4865      1      1      1      1      1      1      1      2      2      2      0
   SERB4866      1      1      1      1      1      1      1      1      2      2      0
   GLUB4867      1      1      1      1      1      1      1      3      5      5      0
   ASPB4868      1      1      1      1      1      1      1      3      5      5      0
   GLUB4869      1      1      1      1      1      1      1      3      5      5      0
   ASPB4870      1      1      1      1      1      1      1      3      5      5      0
   GLUB4871      1      1      1      1      1      1      1      3      5      5      0
   CTRB4871      1      1      1      1      1      1      1      3      5      5      0
   NTRB4872      1      1      1      1      1      1      1      2      2      2      0
   PROB4872      1      1      1      1      1      1      1      1      1      1      0
   ASPB4873      1      1      1      1      1      1      1      3      5      5      0
   METB4874      1      1      1      1      1      1      1      1      1      1      0
   LYSB4875      1      1      1      1      1      1      1      2      2      2      0
   CYSB4876      1      1      1      1      1      1      1      2      4      4      0
   ASPB4877      1      1      1      1      1      1      1      3      5      5      0
   ASPB4878      1      1      1      1      1      1      1      3      5      5      0
   METB4879      1      1      1      1      1      1      1      1      1      1      0
   METB4880      1      1      1      1      1      1      1      1      1      1      0
   THRB4881      1      1      1      1      1      1      1      1      3      3      0
   CYSB4882      1      1      1      1      1      1      1      2      4      4      0
   TYRB4883      1      1      1      1      1      1      1      2      3      3      0
   LEUB4884      1      1      1      1      1      1      1      1      1      1      0
   PHEB4885      1      1      1      1      1      1      1      1      1      1      0
   HISB4886      1      1      2      2      2      2      2      6      6      6      0
   METB4887      1      1      1      1      1      1      1      1      1      1      0
   TYRB4888      1      1      1      1      1      1      1      2      2      2      0
   VALB4889      1      1      1      1      1      1      1      1      1      1      0
   GLYB4890      0      0      0      0      0      0      0      0      0      0      0
   VALB4891      1      1      1      1      1      1      1      1      1      1      0
   ARGB4892      1      1      1      1      1      1      1      4      4      4      0
   ALAB4893      1      1      1      1      1      1      1      1      1      1      0
   GLYB4894      0      0      0      0      0      0      0      0      0      0      0
   GLYB4895      0      0      0      0      0      0      0      0      0      0      0
   GLYB4896      0      0      0      0      0      0      0      0      0      0      0
   ILEB4897      1      1      1      1      1      1      1      1      1      1      0
   GLYB4898      0      0      0      0      0      0      0      0      0      0      0
   ASPB4899      1      1      1      1      1      1      1      3      5      5      0
   GLUB4900      1      1      1      1      1      1      1      3      5      5      0
   ILEB4901      1      1      1      1      1      1      1      1      1      1      0
   GLUB4902      1      1      1      1      1      1      1      3      5      5      0
   ASPB4903      1      1      1      1      1      1      1      3      5      5      0
   PROB4904      1      1      1      1      1      1      1      1      1      1      0
   ALAB4905      1      1      1      1      1      1      1      1      1      1      0
   GLYB4906      0      0      0      0      0      0      0      0      0      0      0
   ASPB4907      1      1      1      1      1      1      1      3      5      5      0
   GLUB4908      1      1      1      1      1      1      1      3      5      5      0
   TYRB4909      1      1      1      1      1      1      1      2      2      2      0
   GLUB4910      1      1      1      1      1      1      1      3      5      5      0
   LEUB4911      1      1      1      1      1      1      1      1      1      1      0
   TYRB4912      1      1      1      1      1      1      1      2      2      2      0
   ARGB4913      1      1      1      1      1      1      1      4      4      4      0
   VALB4914      1      1      1      1      1      1      1      1      1      1      0
   VALB4915      1      1      1      1      1      1      1      1      1      1      0
   PHEB4916      1      1      1      1      1      1      1      1      1      1      0
   ASPB4917      1      1      1      1      1      1      1      3      5      5      0
   ILEB4918      1      1      1      1      1      1      1      1      1      1      0
   THRB4919      1      1      1      1      1      1      1      1      2      2      0
   PHEB4920      1      1      1      1      1      1      1      1      1      1      0
   PHEB4921      1      1      1      1      1      1      1      1      1      1      0
   PHEB4922      1      1      1      1      1      1      1      1      1      1      0
   PHEB4923      1      1      1      1      1      1      1      1      1      1      0
   VALB4924      1      1      1      1      1      1      1      1      1      1      0
   ILEB4925      1      1      1      1      1      1      1      1      1      1      0
   VALB4926      1      1      1      1      1      1      1      1      1      1      0
   ILEB4927      1      1      1      1      1      1      1      1      1      1      0
   LEUB4928      1      1      1      1      1      1      1      1      1      1      0
   LEUB4929      1      1      1      1      1      1      1      1      1      1      0
   ALAB4930      1      1      1      1      1      1      1      1      1      1      0
   ILEB4931      1      1      1      1      1      1      1      1      1      1      0
   ILEB4932      1      1      1      1      1      1      1      1      1      1      0
   GLNB4933      1      1      2      2      2      2      2      2      2      2      0
   GLYB4934      0      0      0      0      0      0      0      0      0      0      0
   LEUB4935      1      1      1      1      1      1      1      1      1      1      0
   ILEB4936      1      1      1      1      1      1      1      1      1      1      0
   ILEB4937      1      1      1      1      1      1      1      1      1      1      0
   ASPB4938      1      1      1      1      1      1      1      3      5      5      0
   ALAB4939      1      1      1      1      1      1      1      1      1      1      0
   PHEB4940      1      1      1      1      1      1      1      1      1      1      0
   GLYB4941      0      0      0      0      0      0      0      0      0      0      0
   GLUB4942      1      1      1      1      1      1      1      3      5      5      0
   LEUB4943      1      1      1      1      1      1      1      1      1      1      0
   ARGB4944      1      1      1      1      1      1      1      4      4      4      0
   ASPB4945      1      1      1      1      1      1      1      3      5      5      0
   GLNB4946      1      1      2      2      2      2      2      2      2      2      0
   GLNB4947      1      1      2      2      2      2      2      2      2      2      0
   GLUB4948      1      1      1      1      1      1      1      3      5      5      0
   GLNB4949      1      1      2      2      2      2      1      1      1      1      0
   VALB4950      1      1      1      1      1      1      1      1      1      1      0
   LYSB4951      1      1      1      1      1      1      1      2      2      2      0
   GLUB4952      1      1      1      1      1      1      1      3      5      5      0
   ASPB4953      1      1      1      1      1      1      1      3      5      5      0
   METB4954      1      1      1      1      1      1      1      1      1      1      0
   GLUB4955      1      1      1      1      1      1      1      3      5      5      0
   THRB4956      1      1      1      1      1      1      1      1      2      2      0
   LYSB4957      1      1      1      1      1      1      1      2      2      2      0
   CYSB4958      1      1      1      1      1      1      1      2      4      4      0
   PHEB4959      1      1      1      1      1      1      1      1      1      1      0
   ILEB4960      1      1      1      1      1      1      1      1      1      1      0
   CYSB4961      1      1      1      1      1      1      1      2      4      4      0
   GLYB4962      0      0      0      0      0      0      0      0      0      0      0
   ILEB4963      1      1      1      1      1      1      1      1      1      1      0
   GLYB4964      0      0      0      0      0      0      0      0      0      0      0
   SERB4965      1      1      1      1      1      1      1      1      3      3      0
   ASPB4966      1      1      1      1      1      1      1      3      5      5      0
   TYRB4967      1      1      1      1      1      1      1      2      3      3      0
   PHEB4968      1      1      1      1      1      1      1      1      1      1      0
   ASPB4969      1      1      1      1      1      1      1      3      5      5      0
   THRB4970      1      1      1      1      1      1      1      1      2      2      0
   THRB4971      1      1      1      1      1      1      1      1      3      3      0
   PROB4972      1      1      1      1      1      1      1      1      1      1      0
   HISB4973      1      1      2      2      2      2      1      3      3      3      0
   GLYB4974      0      0      0      0      0      0      0      0      0      0      0
   PHEB4975      1      1      1      1      1      1      1      1      1      1      0
   GLUB4976      1      1      1      1      1      1      1      3      5      5      0
   THRB4977      1      1      1      1      1      1      1      1      3      3      0
   HISB4978      1      1      2      2      2      2      1      3      3      3      0
   THRB4979      1      1      1      1      1      1      1      1      3      3      0
   LEUB4980      1      1      1      1      1      1      1      1      1      1      0
   GLUB4981      1      1      1      1      1      1      1      3      5      5      0
   GLUB4982      1      1      1      1      1      1      1      3      5      5      0
   HISB4983      1      1      2      2      2      2      1      3      3      3      0
   ASNB4984      1      1      2      2      2      2      2      2      2      2      0
   LEUB4985      1      1      1      1      1      1      1      1      1      1      0
   ALAB4986      1      1      1      1      1      1      1      1      1      1      0
   ASNB4987      1      1      2      2      1      1      1      1      1      1      0
   TYRB4988      1      1      1      1      1      1      1      2      2      2      0
   METB4989      1      1      1      1      1      1      1      1      1      1      0
   PHEB4990      1      1      1      1      1      1      1      1      1      1      0
   PHEB4991      1      1      1      1      1      1      1      1      1      1      0
   LEUB4992      1      1      1      1      1      1      1      1      1      1      0
   METB4993      1      1      1      1      1      1      1      1      1      1      0
   TYRB4994      1      1      1      1      1      1      1      2      3      3      0
   LEUB4995      1      1      1      1      1      1      1      1      1      1      0
   ILEB4996      1      1      1      1      1      1      1      1      1      1      0
   ASNB4997      1      1      2      2      2      2      2      2      2      2      0
   LYSB4998      1      1      1      1      1      1      1      2      2      2      0
   ASPB4999      1      1      1      1      1      1      1      3      5      5      0
   GLUB5000      1      1      1      1      1      1      1      3      5      5      0
   THRB5001      1      1      1      1      1      1      1      1      1      1      0
   GLUB5002      1      1      1      1      1      1      1      3      5      5      0
   HISB5003      1      1      2      2      2      2      2      6      6      6      0
   THRB5004      1      1      1      1      1      1      1      1      3      3      0
   GLYB5005      0      0      0      0      0      0      0      0      0      0      0
   GLNB5006      1      1      2      2      2      2      2      2      2      2      0
   GLUB5007      1      1      1      1      1      1      1      3      5      5      0
   SERB5008      1      1      1      1      1      1      1      1      2      2      0
   TYRB5009      1      1      1      1      1      1      1      2      3      3      0
   VALB5010      1      1      1      1      1      1      1      1      1      1      0
   TRPB5011      1      1      1      1      1      1      1      1      1      1      0
   LYSB5012      1      1      1      1      1      1      1      2      2      2      0
   METB5013      1      1      1      1      1      1      1      1      1      1      0
   TYRB5014      1      1      1      1      1      1      1      2      3      3      0
   GLNB5015      1      1      2      2      2      2      2      2      2      2      0
   GLUB5016      1      1      1      1      1      1      1      3      5      5      0
   ARGB5017      1      1      1      1      1      1      1      4      5      5      0
   CYSB5018      1      1      1      1      1      1      1      2      4      4      0
   TRPB5019      1      1      1      1      1      1      1      1      1      1      0
   ASPB5020      1      1      1      1      1      1      1      3      5      5      0
   PHEB5021      1      1      1      1      1      1      1      1      1      1      0
   PHEB5022      1      1      1      1      1      1      1      1      1      1      0
   PROB5023      1      1      1      1      1      1      1      1      1      1      0
   ALAB5024      1      1      1      1      1      1      1      1      1      1      0
   GLYB5025      0      0      0      0      0      0      0      0      0      0      0
   ASPB5026      1      1      1      1      1      1      1      3      5      5      0
   CYSB5027      1      1      1      1      1      1      1      2      4      4      0
   PHEB5028      1      1      1      1      1      1      1      1      1      1      0
   ARGB5029      1      1      1      1      1      1      1      4      4      4      0
   LYSB5030      1      1      1      1      1      1      1      2      2      2      0
   GLNB5031      1      1      2      2      2      2      2      2      2      2      0
   TYRB5032      1      1      1      1      1      1      1      2      2      2      0
   GLUB5033      1      1      1      1      1      1      1      3      5      5      0
   ASPB5034      1      1      1      1      1      1      1      3      5      5      0
   GLNB5035      1      1      2      2      2      2      1      1      1      1      0
   LEUB5036      1      1      1      1      1      1      1      1      1      1      0
   SERB5037      1      1      1      1      1      1      1      1      2      2      0
   CTRB5037      1      1      1      1      1      1      1      3      5      5      0
   _ZNB5101      1      1      1      1      1      1      2      3      2      2      0
   _CAB5102      1      1      1      1      1      1      2      3      2      2      0
   Total      1024   1024   1144   1144   1135   1135   1117   1793   2339   2339      0
