 ph              0.0   1.0   2.0   3.0   4.0   5.0   6.0   7.0   8.0   9.0  10.0  11.0  12.0  13.0  14.0
NTR01B3639_001 0.000 0.000 0.000 0.000 0.000 0.002 0.020 0.142 0.615 0.935 0.993 1.000 1.000 1.000 1.000
NTR+1B3639_002 1.000 1.000 1.000 1.000 1.000 0.998 0.980 0.858 0.385 0.065 0.007 0.000 0.000 0.000 0.000
THR01B3639_001 1.000 1.000 1.000 1.000 1.000 1.000 1.000 1.000 1.000 1.000 1.000 1.000 1.000 1.000 1.000
PRO01B3640_001 1.000 1.000 1.000 1.000 1.000 1.000 1.000 1.000 1.000 1.000 1.000 1.000 1.000 1.000 1.000
LEU01B3641_001 1.000 1.000 1.000 1.000 1.000 1.000 1.000 1.000 1.000 1.000 1.000 1.000 1.000 1.000 1.000
TYR01B3642_001 0.454 0.455 0.453 0.451 0.445 0.453 0.456 0.451 0.448 0.350 0.117 0.016 0.002 0.000 0.000
TYR01B3642_002 0.546 0.545 0.547 0.549 0.555 0.547 0.544 0.549 0.520 0.420 0.141 0.019 0.002 0.000 0.000
TYR-1B3642_003 0.000 0.000 0.000 0.000 0.000 0.000 0.000 0.000 0.033 0.229 0.742 0.965 0.996 1.000 1.000
ASN01B3643_001 1.000 1.000 1.000 1.000 1.000 1.000 1.000 1.000 1.000 1.000 1.000 1.000 1.000 1.000 1.000
LEU01B3644_001 1.000 1.000 1.000 1.000 1.000 1.000 1.000 1.000 1.000 1.000 1.000 1.000 1.000 1.000 1.000
PRO01B3645_001 1.000 1.000 1.000 1.000 1.000 1.000 1.000 1.000 1.000 1.000 1.000 1.000 1.000 1.000 1.000
THR01B3646_001 1.000 1.000 1.000 1.000 1.000 1.000 1.000 1.000 1.000 1.000 1.000 1.000 1.000 1.000 1.000
HIS01B3647_001 0.000 0.000 0.000 0.001 0.005 0.046 0.199 0.304 0.318 0.324 0.316 0.324 0.322 0.331 0.340
HIS01B3647_002 0.000 0.000 0.000 0.000 0.003 0.032 0.137 0.209 0.222 0.214 0.216 0.206 0.210 0.214 0.215
HIS02B3647_003 0.000 0.000 0.000 0.000 0.003 0.025 0.105 0.155 0.165 0.167 0.173 0.174 0.174 0.166 0.156
HIS02B3647_004 0.000 0.000 0.000 0.001 0.004 0.040 0.175 0.270 0.285 0.295 0.295 0.296 0.295 0.289 0.289
HIS+1B3647_005 0.170 0.167 0.163 0.165 0.158 0.141 0.062 0.010 0.000 0.000 0.000 0.000 0.000 0.000 0.000
HIS+1B3647_006 0.830 0.833 0.837 0.832 0.826 0.716 0.323 0.051 0.010 0.000 0.000 0.000 0.000 0.000 0.000
ARG01B3648_001 0.000 0.000 0.000 0.000 0.000 0.000 0.000 0.000 0.000 0.000 0.001 0.006 0.037 0.235 0.530
ARG02B3648_002 0.000 0.000 0.000 0.000 0.000 0.000 0.000 0.000 0.000 0.000 0.000 0.000 0.007 0.043 0.101
ARG03B3648_003 0.000 0.000 0.000 0.000 0.000 0.000 0.000 0.000 0.000 0.000 0.000 0.003 0.014 0.102 0.227
ARG+1B3648_004 1.000 1.000 1.000 1.000 1.000 1.000 1.000 1.000 1.000 1.000 0.999 0.991 0.942 0.621 0.142
ALA01B3649_001 1.000 1.000 1.000 1.000 1.000 1.000 1.000 1.000 1.000 1.000 1.000 1.000 1.000 1.000 1.000
CYS01B3650_001 0.286 0.289 0.292 0.286 0.291 0.294 0.298 0.291 0.244 0.089 0.013 0.002 0.000 0.000 0.000
CYS01B3650_002 0.365 0.364 0.362 0.367 0.360 0.363 0.354 0.353 0.285 0.107 0.013 0.003 0.000 0.000 0.000
CYS01B3650_003 0.349 0.346 0.346 0.347 0.349 0.343 0.349 0.332 0.282 0.107 0.014 0.000 0.001 0.000 0.000
CYS-1B3650_004 0.000 0.000 0.000 0.000 0.000 0.000 0.000 0.023 0.189 0.697 0.960 0.995 0.999 1.000 1.000
ASN01B3651_001 0.308 0.312 0.312 0.307 0.305 0.303 0.350 0.383 0.385 0.349 0.335 0.322 0.326 0.340 0.351
ASN01B3651_002 0.692 0.688 0.688 0.693 0.695 0.697 0.650 0.617 0.615 0.651 0.665 0.678 0.674 0.660 0.649
MET01B3652_001 1.000 1.000 1.000 1.000 1.000 1.000 1.000 1.000 1.000 1.000 1.000 1.000 1.000 1.000 1.000
PHE01B3653_001 1.000 1.000 1.000 1.000 1.000 1.000 1.000 1.000 1.000 1.000 1.000 1.000 1.000 1.000 1.000
LEU01B3654_001 1.000 1.000 1.000 1.000 1.000 1.000 1.000 1.000 1.000 1.000 1.000 1.000 1.000 1.000 1.000
GLU01B3655_001 0.031 0.032 0.030 0.029 0.020 0.005 0.001 0.000 0.000 0.000 0.000 0.000 0.000 0.000 0.000
GLU01B3655_002 0.789 0.788 0.783 0.736 0.487 0.125 0.020 0.000 0.000 0.000 0.000 0.000 0.000 0.000 0.000
GLU02B3655_003 0.006 0.007 0.006 0.006 0.004 0.001 0.000 0.000 0.000 0.000 0.000 0.000 0.000 0.000 0.000
GLU02B3655_004 0.174 0.173 0.174 0.165 0.111 0.029 0.004 0.000 0.000 0.000 0.000 0.000 0.000 0.000 0.000
GLU-1B3655_005 0.000 0.000 0.006 0.063 0.378 0.840 0.975 1.000 1.000 1.000 1.000 1.000 1.000 1.000 1.000
SER01B3656_001 1.000 1.000 1.000 1.000 1.000 1.000 1.000 1.000 1.000 1.000 1.000 1.000 1.000 1.000 1.000
TYR01B3657_001 1.000 1.000 1.000 1.000 1.000 1.000 1.000 1.000 1.000 0.994 0.944 0.654 0.164 0.020 0.002
TYR-1B3657_002 0.000 0.000 0.000 0.000 0.000 0.000 0.000 0.000 0.000 0.006 0.056 0.346 0.836 0.980 0.998
LYS01B3658_001 0.000 0.000 0.000 0.000 0.000 0.000 0.000 0.000 0.001 0.011 0.091 0.489 0.903 0.987 0.999
LYS+1B3658_002 1.000 1.000 1.000 1.000 1.000 1.000 1.000 1.000 0.999 0.989 0.909 0.511 0.097 0.013 0.001
ALA01B3659_001 1.000 1.000 1.000 1.000 1.000 1.000 1.000 1.000 1.000 1.000 1.000 1.000 1.000 1.000 1.000
ALA01B3660_001 1.000 1.000 1.000 1.000 1.000 1.000 1.000 1.000 1.000 1.000 1.000 1.000 1.000 1.000 1.000
TRP01B3661_001 1.000 1.000 1.000 1.000 1.000 1.000 1.000 1.000 1.000 1.000 1.000 1.000 1.000 1.000 1.000
ILE01B3662_001 1.000 1.000 1.000 1.000 1.000 1.000 1.000 1.000 1.000 1.000 1.000 1.000 1.000 1.000 1.000
LEU01B3663_001 1.000 1.000 1.000 1.000 1.000 1.000 1.000 1.000 1.000 1.000 1.000 1.000 1.000 1.000 1.000
THR01B3664_001 1.000 1.000 1.000 1.000 1.000 1.000 1.000 1.000 1.000 1.000 1.000 1.000 1.000 1.000 1.000
GLU01B3665_001 0.027 0.023 0.023 0.019 0.007 0.002 0.000 0.000 0.000 0.000 0.000 0.000 0.000 0.000 0.000
GLU01B3665_002 0.455 0.463 0.445 0.328 0.131 0.029 0.004 0.000 0.000 0.000 0.000 0.000 0.000 0.000 0.000
GLU02B3665_003 0.000 0.000 0.000 0.000 0.000 0.000 0.000 0.000 0.000 0.000 0.000 0.000 0.000 0.000 0.000
GLU02B3665_004 0.519 0.509 0.490 0.377 0.154 0.034 0.005 0.000 0.000 0.000 0.000 0.000 0.000 0.000 0.000
GLU-1B3665_005 0.000 0.005 0.042 0.276 0.709 0.936 0.991 1.000 1.000 1.000 1.000 1.000 1.000 1.000 1.000
ASP01B3666_001 0.040 0.036 0.035 0.026 0.009 0.002 0.000 0.000 0.000 0.000 0.000 0.000 0.000 0.000 0.000
ASP01B3666_002 0.676 0.668 0.629 0.432 0.136 0.034 0.004 0.001 0.000 0.000 0.000 0.000 0.000 0.000 0.000
ASP02B3666_003 0.000 0.000 0.000 0.000 0.000 0.000 0.000 0.000 0.000 0.000 0.000 0.000 0.000 0.000 0.000
ASP02B3666_004 0.284 0.296 0.273 0.186 0.064 0.016 0.003 0.000 0.000 0.000 0.000 0.000 0.000 0.000 0.000
ASP-1B3666_005 0.000 0.000 0.063 0.356 0.791 0.948 0.993 0.999 1.000 1.000 1.000 1.000 1.000 1.000 1.000
HIS01B3667_001 0.000 0.000 0.000 0.000 0.000 0.000 0.000 0.004 0.022 0.066 0.078 0.079 0.075 0.077 0.084
HIS02B3667_002 0.000 0.000 0.000 0.000 0.000 0.000 0.009 0.048 0.272 0.707 0.891 0.919 0.925 0.923 0.916
HIS+1B3667_003 1.000 1.000 1.000 1.000 1.000 1.000 0.991 0.948 0.706 0.227 0.031 0.002 0.000 0.000 0.000
SER01B3668_001 0.243 0.230 0.255 0.351 0.500 0.575 0.603 0.607 0.612 0.617 0.611 0.618 0.624 0.614 0.624
SER01B3668_002 0.250 0.249 0.248 0.221 0.191 0.209 0.227 0.231 0.230 0.227 0.231 0.224 0.220 0.225 0.221
SER01B3668_003 0.507 0.521 0.497 0.427 0.309 0.216 0.170 0.162 0.158 0.157 0.159 0.158 0.156 0.161 0.155
CTR01B3668_001 0.010 0.011 0.010 0.009 0.006 0.003 0.000 0.000 0.000 0.000 0.000 0.000 0.000 0.000 0.000
CTR01B3668_002 0.407 0.404 0.398 0.366 0.292 0.123 0.023 0.003 0.000 0.000 0.000 0.000 0.000 0.000 0.000
CTR02B3668_003 0.006 0.005 0.006 0.007 0.006 0.003 0.000 0.000 0.000 0.000 0.000 0.000 0.000 0.000 0.000
CTR02B3668_004 0.578 0.580 0.579 0.562 0.454 0.187 0.032 0.003 0.001 0.000 0.000 0.000 0.000 0.000 0.000
CTR-1B3668_005 0.000 0.000 0.007 0.057 0.242 0.684 0.945 0.994 0.999 1.000 1.000 1.000 1.000 1.000 1.000
NTR01B3682_001 0.000 0.000 0.000 0.000 0.001 0.005 0.028 0.159 0.626 0.938 0.994 1.000 1.000 1.000 1.000
NTR+1B3682_002 1.000 1.000 1.000 1.000 0.999 0.995 0.972 0.841 0.374 0.062 0.006 0.000 0.000 0.000 0.000
GLU01B3682_001 0.046 0.044 0.043 0.040 0.032 0.017 0.003 0.000 0.000 0.000 0.000 0.000 0.000 0.000 0.000
GLU01B3682_002 0.500 0.501 0.500 0.487 0.372 0.166 0.037 0.007 0.001 0.000 0.000 0.000 0.000 0.000 0.000
GLU02B3682_003 0.016 0.014 0.015 0.015 0.011 0.007 0.001 0.000 0.000 0.000 0.000 0.000 0.000 0.000 0.000
GLU02B3682_004 0.438 0.440 0.437 0.414 0.333 0.146 0.032 0.007 0.001 0.000 0.000 0.000 0.000 0.000 0.000
GLU-1B3682_005 0.000 0.001 0.006 0.044 0.252 0.664 0.927 0.986 0.998 1.000 1.000 1.000 1.000 1.000 1.000
GLN01B3683_001 1.000 1.000 1.000 1.000 1.000 1.000 1.000 1.000 1.000 1.000 1.000 1.000 1.000 1.000 1.000
GLU01B3684_001 0.065 0.064 0.069 0.060 0.054 0.035 0.011 0.002 0.000 0.000 0.000 0.000 0.000 0.000 0.000
GLU01B3684_002 0.604 0.600 0.595 0.583 0.499 0.303 0.100 0.014 0.004 0.000 0.000 0.000 0.000 0.000 0.000
GLU02B3684_003 0.011 0.012 0.011 0.012 0.011 0.009 0.003 0.001 0.000 0.000 0.000 0.000 0.000 0.000 0.000
GLU02B3684_004 0.320 0.324 0.325 0.320 0.281 0.180 0.062 0.009 0.002 0.000 0.000 0.000 0.000 0.000 0.000
GLU-1B3684_005 0.000 0.000 0.000 0.024 0.155 0.473 0.824 0.973 0.994 1.000 1.000 1.000 1.000 1.000 1.000
GLU01B3685_001 0.042 0.040 0.039 0.044 0.031 0.012 0.001 0.000 0.000 0.000 0.000 0.000 0.000 0.000 0.000
GLU01B3685_002 0.524 0.536 0.534 0.503 0.367 0.130 0.026 0.004 0.000 0.000 0.000 0.000 0.000 0.000 0.000
GLU02B3685_003 0.018 0.017 0.016 0.017 0.012 0.005 0.001 0.000 0.000 0.000 0.000 0.000 0.000 0.000 0.000
GLU02B3685_004 0.416 0.408 0.405 0.389 0.299 0.101 0.019 0.003 0.000 0.000 0.000 0.000 0.000 0.000 0.000
GLU-1B3685_005 0.000 0.000 0.006 0.047 0.291 0.752 0.953 0.993 1.000 1.000 1.000 1.000 1.000 1.000 1.000
GLU01B3686_001 0.040 0.041 0.041 0.040 0.037 0.022 0.007 0.001 0.000 0.000 0.000 0.000 0.000 0.000 0.000
GLU01B3686_002 0.535 0.537 0.528 0.518 0.443 0.250 0.071 0.008 0.000 0.000 0.000 0.000 0.000 0.000 0.000
GLU02B3686_003 0.015 0.017 0.017 0.015 0.015 0.008 0.000 0.000 0.000 0.000 0.000 0.000 0.000 0.000 0.000
GLU02B3686_004 0.410 0.405 0.410 0.396 0.325 0.185 0.052 0.006 0.000 0.000 0.000 0.000 0.000 0.000 0.000
GLU-1B3686_005 0.000 0.000 0.003 0.031 0.181 0.534 0.871 0.985 1.000 1.000 1.000 1.000 1.000 1.000 1.000
GLU01B3687_001 0.037 0.036 0.033 0.036 0.030 0.023 0.015 0.003 0.000 0.000 0.000 0.000 0.000 0.000 0.000
GLU01B3687_002 0.556 0.559 0.561 0.549 0.495 0.405 0.243 0.059 0.007 0.001 0.000 0.000 0.000 0.000 0.000
GLU02B3687_003 0.019 0.018 0.020 0.019 0.018 0.018 0.012 0.003 0.001 0.000 0.000 0.000 0.000 0.000 0.000
GLU02B3687_004 0.387 0.387 0.385 0.382 0.370 0.317 0.202 0.046 0.007 0.001 0.000 0.000 0.000 0.000 0.000
GLU-1B3687_005 0.000 0.000 0.001 0.014 0.087 0.237 0.529 0.888 0.985 0.998 1.000 1.000 1.000 1.000 1.000
GLU01B3688_001 0.037 0.036 0.038 0.036 0.033 0.016 0.005 0.000 0.000 0.000 0.000 0.000 0.000 0.000 0.000
GLU01B3688_002 0.482 0.474 0.472 0.465 0.380 0.190 0.047 0.008 0.001 0.000 0.000 0.000 0.000 0.000 0.000
GLU02B3688_003 0.024 0.022 0.021 0.022 0.020 0.010 0.002 0.000 0.000 0.000 0.000 0.000 0.000 0.000 0.000
GLU02B3688_004 0.458 0.467 0.469 0.453 0.378 0.189 0.050 0.007 0.001 0.000 0.000 0.000 0.000 0.000 0.000
GLU-1B3688_005 0.000 0.000 0.000 0.025 0.188 0.595 0.895 0.985 0.998 1.000 1.000 1.000 1.000 1.000 1.000
GLU01B3689_001 0.049 0.049 0.048 0.048 0.045 0.033 0.009 0.002 0.000 0.000 0.000 0.000 0.000 0.000 0.000
GLU01B3689_002 0.574 0.582 0.583 0.572 0.514 0.322 0.090 0.017 0.000 0.000 0.000 0.000 0.000 0.000 0.000
GLU02B3689_003 0.010 0.010 0.009 0.009 0.009 0.005 0.002 0.000 0.000 0.000 0.000 0.000 0.000 0.000 0.000
GLU02B3689_004 0.367 0.359 0.360 0.355 0.319 0.207 0.058 0.011 0.000 0.000 0.000 0.000 0.000 0.000 0.000
GLU-1B3689_005 0.000 0.000 0.001 0.017 0.112 0.432 0.842 0.971 1.000 1.000 1.000 1.000 1.000 1.000 1.000
VAL01B3690_001 1.000 1.000 1.000 1.000 1.000 1.000 1.000 1.000 1.000 1.000 1.000 1.000 1.000 1.000 1.000
GLU01B3691_001 0.043 0.042 0.043 0.045 0.037 0.021 0.005 0.001 0.000 0.000 0.000 0.000 0.000 0.000 0.000
GLU01B3691_002 0.549 0.560 0.548 0.540 0.463 0.254 0.071 0.011 0.000 0.000 0.000 0.000 0.000 0.000 0.000
GLU02B3691_003 0.015 0.015 0.016 0.016 0.012 0.008 0.003 0.000 0.000 0.000 0.000 0.000 0.000 0.000 0.000
GLU02B3691_004 0.393 0.383 0.392 0.381 0.350 0.191 0.061 0.008 0.002 0.000 0.000 0.000 0.000 0.000 0.000
GLU-1B3691_005 0.000 0.000 0.000 0.018 0.137 0.525 0.859 0.980 0.998 1.000 1.000 1.000 1.000 1.000 1.000
GLU01B3692_001 0.035 0.036 0.033 0.032 0.034 0.031 0.012 0.002 0.000 0.000 0.000 0.000 0.000 0.000 0.000
GLU01B3692_002 0.569 0.567 0.566 0.570 0.522 0.386 0.151 0.021 0.005 0.000 0.000 0.000 0.000 0.000 0.000
GLU02B3692_003 0.023 0.023 0.023 0.023 0.022 0.019 0.006 0.000 0.000 0.000 0.000 0.000 0.000 0.000 0.000
GLU02B3692_004 0.372 0.374 0.378 0.361 0.336 0.255 0.093 0.015 0.000 0.000 0.000 0.000 0.000 0.000 0.000
GLU-1B3692_005 0.000 0.000 0.000 0.015 0.086 0.310 0.737 0.963 0.995 1.000 1.000 1.000 1.000 1.000 1.000
CTR01B3692_001 0.000 0.000 0.000 0.000 0.000 0.000 0.000 0.000 0.000 0.000 0.000 0.000 0.000 0.000 0.000
CTR01B3692_002 0.412 0.415 0.402 0.361 0.211 0.079 0.026 0.004 0.001 0.000 0.000 0.000 0.000 0.000 0.000
CTR02B3692_003 0.000 0.000 0.000 0.000 0.000 0.000 0.000 0.000 0.000 0.000 0.000 0.000 0.000 0.000 0.000
CTR02B3692_004 0.588 0.583 0.584 0.526 0.302 0.112 0.037 0.006 0.001 0.000 0.000 0.000 0.000 0.000 0.000
CTR-1B3692_005 0.000 0.001 0.014 0.113 0.487 0.810 0.937 0.990 0.998 1.000 1.000 1.000 1.000 1.000 1.000
NTR01B3714_001 1.000 1.000 1.000 1.000 1.000 1.000 1.000 1.000 1.000 1.000 1.000 1.000 1.000 1.000 1.000
NTR+1B3714_002 0.000 0.000 0.000 0.000 0.000 0.000 0.000 0.000 0.000 0.000 0.000 0.000 0.000 0.000 0.000
CTR01B3714_001 0.006 0.006 0.006 0.004 0.002 0.000 0.000 0.000 0.000 0.000 0.000 0.000 0.000 0.000 0.000
CTR01B3714_002 0.419 0.414 0.419 0.365 0.178 0.032 0.003 0.001 0.000 0.000 0.000 0.000 0.000 0.000 0.000
CTR02B3714_003 0.004 0.003 0.005 0.003 0.002 0.000 0.000 0.000 0.000 0.000 0.000 0.000 0.000 0.000 0.000
CTR02B3714_004 0.571 0.577 0.557 0.497 0.241 0.042 0.005 0.001 0.000 0.000 0.000 0.000 0.000 0.000 0.000
CTR-1B3714_005 0.000 0.000 0.014 0.131 0.578 0.926 0.992 0.999 1.000 1.000 1.000 1.000 1.000 1.000 1.000
SER01B3714_001 0.484 0.489 0.485 0.518 0.622 0.699 0.714 0.716 0.719 0.719 0.721 0.721 0.724 0.714 0.714
SER01B3714_002 0.516 0.511 0.515 0.482 0.378 0.301 0.286 0.284 0.281 0.281 0.279 0.279 0.276 0.286 0.286
NTG01B3739_001 0.000 0.000 0.000 0.000 0.000 0.005 0.028 0.197 0.669 0.940 0.992 0.999 1.000 1.000 1.000
NTG+1B3739_002 1.000 1.000 1.000 1.000 1.000 0.995 0.972 0.803 0.331 0.060 0.008 0.001 0.000 0.000 0.000
GLU01B3740_001 0.041 0.037 0.041 0.037 0.024 0.008 0.002 0.000 0.000 0.000 0.000 0.000 0.000 0.000 0.000
GLU01B3740_002 0.561 0.558 0.554 0.514 0.356 0.114 0.016 0.000 0.001 0.000 0.000 0.000 0.000 0.000 0.000
GLU02B3740_003 0.024 0.022 0.024 0.022 0.015 0.005 0.000 0.000 0.000 0.000 0.000 0.000 0.000 0.000 0.000
GLU02B3740_004 0.374 0.381 0.372 0.349 0.234 0.074 0.011 0.002 0.000 0.000 0.000 0.000 0.000 0.000 0.000
GLU-1B3740_005 0.000 0.001 0.009 0.077 0.371 0.799 0.971 0.998 0.999 1.000 1.000 1.000 1.000 1.000 1.000
ASN01B3741_001 1.000 1.000 1.000 1.000 1.000 1.000 1.000 1.000 1.000 1.000 1.000 1.000 1.000 1.000 1.000
CTR01B3741_001 0.003 0.000 0.003 0.000 0.000 0.000 0.000 0.000 0.000 0.000 0.000 0.000 0.000 0.000 0.000
CTR01B3741_002 0.329 0.332 0.338 0.317 0.261 0.114 0.024 0.002 0.000 0.000 0.000 0.000 0.000 0.000 0.000
CTR02B3741_003 0.000 0.000 0.000 0.000 0.000 0.000 0.000 0.000 0.000 0.000 0.000 0.000 0.000 0.000 0.000
CTR02B3741_004 0.668 0.668 0.654 0.643 0.514 0.220 0.045 0.004 0.000 0.000 0.000 0.000 0.000 0.000 0.000
CTR-1B3741_005 0.000 0.000 0.005 0.040 0.225 0.666 0.932 0.994 1.000 1.000 1.000 1.000 1.000 1.000 1.000
NTR01B3747_001 1.000 1.000 1.000 1.000 1.000 1.000 1.000 1.000 1.000 1.000 1.000 1.000 1.000 1.000 1.000
NTR+1B3747_002 0.000 0.000 0.000 0.000 0.000 0.000 0.000 0.000 0.000 0.000 0.000 0.000 0.000 0.000 0.000
CTR01B3747_001 0.000 0.000 0.000 0.000 0.000 0.000 0.000 0.000 0.000 0.000 0.000 0.000 0.000 0.000 0.000
CTR01B3747_002 0.473 0.469 0.458 0.401 0.215 0.054 0.010 0.002 0.000 0.000 0.000 0.000 0.000 0.000 0.000
CTR02B3747_003 0.013 0.014 0.012 0.011 0.005 0.001 0.000 0.000 0.000 0.000 0.000 0.000 0.000 0.000 0.000
CTR02B3747_004 0.514 0.515 0.512 0.446 0.226 0.055 0.010 0.000 0.000 0.000 0.000 0.000 0.000 0.000 0.000
CTR-1B3747_005 0.000 0.002 0.018 0.142 0.554 0.889 0.980 0.998 1.000 1.000 1.000 1.000 1.000 1.000 1.000
GLU01B3747_001 0.045 0.047 0.046 0.048 0.047 0.037 0.009 0.000 0.000 0.000 0.000 0.000 0.000 0.000 0.000
GLU01B3747_002 0.428 0.421 0.430 0.420 0.377 0.244 0.063 0.007 0.001 0.000 0.000 0.000 0.000 0.000 0.000
GLU02B3747_003 0.020 0.021 0.021 0.021 0.019 0.012 0.003 0.000 0.000 0.000 0.000 0.000 0.000 0.000 0.000
GLU02B3747_004 0.507 0.511 0.503 0.495 0.451 0.274 0.072 0.008 0.001 0.000 0.000 0.000 0.000 0.000 0.000
GLU-1B3747_005 0.000 0.000 0.000 0.016 0.105 0.433 0.854 0.985 0.998 1.000 1.000 1.000 1.000 1.000 1.000
NTR01B3831_001 1.000 1.000 1.000 1.000 1.000 1.000 1.000 1.000 1.000 1.000 1.000 1.000 1.000 1.000 1.000
NTR01B3831_002 0.000 0.000 0.000 0.000 0.000 0.000 0.000 0.000 0.000 0.000 0.000 0.000 0.000 0.000 0.000
NTR+1B3831_003 0.000 0.000 0.000 0.000 0.000 0.000 0.000 0.000 0.000 0.000 0.000 0.000 0.000 0.000 0.000
CTR01B3831_001 0.010 0.011 0.010 0.010 0.004 0.001 0.000 0.000 0.000 0.000 0.000 0.000 0.000 0.000 0.000
CTR01B3831_002 0.369 0.354 0.355 0.313 0.169 0.040 0.006 0.000 0.000 0.000 0.000 0.000 0.000 0.000 0.000
CTR02B3831_003 0.010 0.011 0.010 0.010 0.006 0.001 0.000 0.000 0.000 0.000 0.000 0.000 0.000 0.000 0.000
CTR02B3831_004 0.611 0.623 0.610 0.542 0.283 0.068 0.012 0.002 0.000 0.000 0.000 0.000 0.000 0.000 0.000
CTR-1B3831_005 0.000 0.000 0.015 0.126 0.538 0.889 0.982 0.998 1.000 1.000 1.000 1.000 1.000 1.000 1.000
SER01B3831_001 0.378 0.374 0.381 0.412 0.527 0.625 0.662 0.665 0.662 0.666 0.670 0.678 0.685 0.682 0.677
SER01B3831_002 0.622 0.626 0.619 0.588 0.473 0.375 0.338 0.335 0.338 0.334 0.330 0.322 0.315 0.318 0.323
NTR01B3849_001 0.000 0.019 0.172 0.658 0.934 0.984 0.995 1.000 1.000 1.000 1.000 1.000 1.000 1.000 1.000
NTR+1B3849_002 1.000 0.981 0.828 0.342 0.066 0.016 0.005 0.000 0.000 0.000 0.000 0.000 0.000 0.000 0.000
ARG01B3849_001 0.000 0.000 0.000 0.000 0.000 0.000 0.000 0.000 0.000 0.001 0.003 0.015 0.107 0.442 0.653
ARG02B3849_002 0.000 0.000 0.000 0.000 0.000 0.000 0.000 0.000 0.000 0.000 0.000 0.002 0.020 0.081 0.122
ARG03B3849_003 0.000 0.000 0.000 0.000 0.000 0.000 0.000 0.000 0.000 0.000 0.000 0.003 0.026 0.120 0.168
ARG+1B3849_004 1.000 1.000 1.000 1.000 1.000 1.000 1.000 1.000 1.000 0.999 0.997 0.979 0.846 0.358 0.056
GLN01B3850_001 1.000 1.000 1.000 1.000 1.000 1.000 1.000 1.000 1.000 1.000 1.000 1.000 1.000 1.000 1.000
ASN01B3851_001 0.881 0.881 0.882 0.896 0.891 0.866 0.849 0.840 0.845 0.850 0.859 0.878 0.888 0.894 0.894
ASN01B3851_002 0.119 0.119 0.118 0.104 0.109 0.134 0.151 0.160 0.155 0.150 0.141 0.122 0.112 0.106 0.106
LYS01B3852_001 0.000 0.000 0.000 0.000 0.000 0.000 0.000 0.000 0.007 0.067 0.407 0.871 0.983 1.000 1.000
LYS+1B3852_002 1.000 1.000 1.000 1.000 1.000 1.000 1.000 1.000 0.993 0.933 0.593 0.129 0.017 0.000 0.000
ALA01B3853_001 1.000 1.000 1.000 1.000 1.000 1.000 1.000 1.000 1.000 1.000 1.000 1.000 1.000 1.000 1.000
GLU01B3854_001 0.043 0.043 0.044 0.043 0.036 0.016 0.003 0.000 0.000 0.000 0.000 0.000 0.000 0.000 0.000
GLU01B3854_002 0.560 0.568 0.559 0.550 0.467 0.211 0.037 0.011 0.001 0.000 0.000 0.000 0.000 0.000 0.000
GLU02B3854_003 0.020 0.019 0.021 0.021 0.019 0.009 0.002 0.000 0.000 0.000 0.000 0.000 0.000 0.000 0.000
GLU02B3854_004 0.377 0.370 0.377 0.367 0.318 0.147 0.025 0.000 0.000 0.000 0.000 0.000 0.000 0.000 0.000
GLU-1B3854_005 0.000 0.000 0.000 0.019 0.160 0.617 0.934 0.989 0.999 1.000 1.000 1.000 1.000 1.000 1.000
LEU01B3856_001 1.000 1.000 1.000 1.000 1.000 1.000 1.000 1.000 1.000 1.000 1.000 1.000 1.000 1.000 1.000
MET01B3858_001 1.000 1.000 1.000 1.000 1.000 1.000 1.000 1.000 1.000 1.000 1.000 1.000 1.000 1.000 1.000
VAL01B3859_001 1.000 1.000 1.000 1.000 1.000 1.000 1.000 1.000 1.000 1.000 1.000 1.000 1.000 1.000 1.000
ASN01B3860_001 1.000 1.000 1.000 1.000 1.000 1.000 1.000 1.000 1.000 1.000 1.000 1.000 1.000 1.000 1.000
GLU01B3861_001 0.024 0.025 0.025 0.026 0.016 0.004 0.001 0.000 0.000 0.000 0.000 0.000 0.000 0.000 0.000
GLU01B3861_002 0.475 0.481 0.468 0.446 0.288 0.082 0.016 0.003 0.000 0.000 0.000 0.000 0.000 0.000 0.000
GLU02B3861_003 0.031 0.031 0.032 0.032 0.019 0.005 0.000 0.000 0.000 0.000 0.000 0.000 0.000 0.000 0.000
GLU02B3861_004 0.469 0.463 0.468 0.435 0.282 0.080 0.013 0.003 0.000 0.000 0.000 0.000 0.000 0.000 0.000
GLU-1B3861_005 0.000 0.000 0.006 0.062 0.395 0.830 0.969 0.994 1.000 1.000 1.000 1.000 1.000 1.000 1.000
ASP01B3862_001 0.000 0.000 0.000 0.000 0.000 0.000 0.000 0.000 0.000 0.000 0.000 0.000 0.000 0.000 0.000
ASP01B3862_002 0.000 0.000 0.000 0.000 0.000 0.000 0.000 0.000 0.000 0.000 0.000 0.000 0.000 0.000 0.000
ASP02B3862_003 0.063 0.061 0.067 0.064 0.066 0.066 0.045 0.014 0.000 0.000 0.000 0.000 0.000 0.000 0.000
ASP02B3862_004 0.937 0.939 0.933 0.936 0.922 0.871 0.635 0.173 0.030 0.000 0.000 0.000 0.000 0.000 0.000
ASP-1B3862_005 0.000 0.000 0.000 0.000 0.012 0.063 0.320 0.813 0.970 1.000 1.000 1.000 1.000 1.000 1.000
THR01B3864_001 0.012 0.012 0.012 0.011 0.013 0.012 0.012 0.014 0.015 0.015 0.016 0.014 0.016 0.014 0.015
THR01B3864_002 0.988 0.988 0.988 0.989 0.987 0.988 0.988 0.986 0.985 0.985 0.984 0.986 0.984 0.986 0.985
VAL01B3865_001 1.000 1.000 1.000 1.000 1.000 1.000 1.000 1.000 1.000 1.000 1.000 1.000 1.000 1.000 1.000
ILE01B3866_001 1.000 1.000 1.000 1.000 1.000 1.000 1.000 1.000 1.000 1.000 1.000 1.000 1.000 1.000 1.000
ASN01B3867_001 1.000 1.000 1.000 1.000 1.000 1.000 1.000 1.000 1.000 1.000 1.000 1.000 1.000 1.000 1.000
ARG01B3868_001 0.000 0.000 0.000 0.000 0.000 0.000 0.000 0.000 0.000 0.000 0.000 0.000 0.000 0.000 0.000
ARG02B3868_002 0.000 0.000 0.000 0.000 0.000 0.000 0.000 0.000 0.000 0.000 0.000 0.000 0.000 0.000 0.000
ARG03B3868_003 0.000 0.000 0.000 0.000 0.000 0.000 0.000 0.000 0.000 0.000 0.000 0.000 0.000 0.000 0.000
ARG03B3868_004 1.000 1.000 1.000 1.000 1.000 1.000 1.000 1.000 1.000 1.000 1.000 1.000 1.000 1.000 1.000
ARG+1B3868_005 0.000 0.000 0.000 0.000 0.000 0.000 0.000 0.000 0.000 0.000 0.000 0.000 0.000 0.000 0.000
GLN01B3869_001 1.000 1.000 1.000 1.000 1.000 1.000 1.000 1.000 1.000 1.000 1.000 1.000 1.000 1.000 1.000
ASN01B3870_001 1.000 1.000 1.000 1.000 1.000 1.000 1.000 1.000 1.000 1.000 1.000 1.000 1.000 1.000 1.000
GLU01B3872_001 0.035 0.033 0.034 0.035 0.032 0.013 0.003 0.000 0.000 0.000 0.000 0.000 0.000 0.000 0.000
GLU01B3872_002 0.416 0.419 0.420 0.413 0.336 0.153 0.032 0.005 0.000 0.000 0.000 0.000 0.000 0.000 0.000
GLU02B3872_003 0.014 0.015 0.016 0.015 0.014 0.007 0.002 0.000 0.000 0.000 0.000 0.000 0.000 0.000 0.000
GLU02B3872_004 0.534 0.533 0.527 0.509 0.424 0.195 0.042 0.007 0.000 0.000 0.000 0.000 0.000 0.000 0.000
GLU-1B3872_005 0.000 0.000 0.004 0.028 0.193 0.633 0.922 0.988 1.000 1.000 1.000 1.000 1.000 1.000 1.000
LYS01B3873_001 0.000 0.000 0.002 0.010 0.035 0.154 0.582 0.929 0.993 0.999 1.000 1.000 1.000 1.000 1.000
LYS+1B3873_002 1.000 1.000 0.998 0.990 0.965 0.846 0.418 0.071 0.007 0.001 0.000 0.000 0.000 0.000 0.000
VAL01B3874_001 1.000 1.000 1.000 1.000 1.000 1.000 1.000 1.000 1.000 1.000 1.000 1.000 1.000 1.000 1.000
CTR01B3874_001 0.006 0.007 0.007 0.006 0.006 0.002 0.000 0.000 0.000 0.000 0.000 0.000 0.000 0.000 0.000
CTR01B3874_002 0.408 0.406 0.398 0.377 0.290 0.127 0.023 0.003 0.000 0.000 0.000 0.000 0.000 0.000 0.000
CTR02B3874_003 0.002 0.000 0.000 0.003 0.001 0.000 0.000 0.000 0.000 0.000 0.000 0.000 0.000 0.000 0.000
CTR02B3874_004 0.584 0.587 0.589 0.567 0.427 0.186 0.033 0.004 0.000 0.000 0.000 0.000 0.000 0.000 0.000
CTR-1B3874_005 0.000 0.001 0.006 0.048 0.276 0.686 0.943 0.993 1.000 1.000 1.000 1.000 1.000 1.000 1.000
NTR01B3889_001 0.000 0.000 0.000 0.000 0.000 0.000 0.000 0.000 0.014 0.118 0.524 0.905 0.990 0.998 1.000
NTR+1B3889_002 1.000 1.000 1.000 1.000 1.000 1.000 1.000 1.000 0.986 0.882 0.476 0.095 0.010 0.002 0.000
CTR01B3889_001 0.006 0.007 0.006 0.002 0.001 0.000 0.000 0.000 0.000 0.000 0.000 0.000 0.000 0.000 0.000
CTR01B3889_002 0.409 0.391 0.313 0.121 0.022 0.004 0.000 0.000 0.000 0.000 0.000 0.000 0.000 0.000 0.000
CTR02B3889_003 0.002 0.002 0.000 0.000 0.000 0.000 0.000 0.000 0.000 0.000 0.000 0.000 0.000 0.000 0.000
CTR02B3889_004 0.580 0.572 0.454 0.163 0.028 0.005 0.000 0.000 0.000 0.000 0.000 0.000 0.000 0.000 0.000
CTR-1B3889_005 0.003 0.028 0.227 0.715 0.950 0.991 1.000 1.000 1.000 1.000 1.000 1.000 1.000 1.000 1.000
GLN01B3889_001 1.000 1.000 1.000 1.000 1.000 1.000 1.000 1.000 1.000 1.000 1.000 1.000 1.000 1.000 1.000
NTR01B3915_001 0.000 0.000 0.004 0.033 0.195 0.631 0.935 0.992 0.999 1.000 1.000 1.000 1.000 1.000 1.000
NTR+1B3915_002 1.000 1.000 0.996 0.967 0.805 0.369 0.065 0.008 0.001 0.000 0.000 0.000 0.000 0.000 0.000
ILE01B3915_001 1.000 1.000 1.000 1.000 1.000 1.000 1.000 1.000 1.000 1.000 1.000 1.000 1.000 1.000 1.000
ILE01B3916_001 1.000 1.000 1.000 1.000 1.000 1.000 1.000 1.000 1.000 1.000 1.000 1.000 1.000 1.000 1.000
ILE01B3917_001 1.000 1.000 1.000 1.000 1.000 1.000 1.000 1.000 1.000 1.000 1.000 1.000 1.000 1.000 1.000
CYS01B3918_001 0.087 0.090 0.089 0.089 0.098 0.124 0.143 0.150 0.144 0.127 0.080 0.019 0.003 0.000 0.000
CYS01B3918_002 0.399 0.399 0.398 0.400 0.403 0.391 0.387 0.388 0.380 0.360 0.228 0.062 0.005 0.000 0.000
CYS01B3918_003 0.514 0.511 0.513 0.511 0.499 0.484 0.469 0.461 0.462 0.405 0.250 0.063 0.006 0.002 0.000
CYS-1B3918_004 0.000 0.000 0.000 0.000 0.000 0.000 0.000 0.000 0.014 0.108 0.442 0.856 0.986 0.998 1.000
THR01B3919_001 0.192 0.191 0.190 0.185 0.175 0.134 0.107 0.095 0.098 0.086 0.071 0.044 0.036 0.035 0.034
THR01B3919_002 0.808 0.809 0.810 0.815 0.825 0.866 0.893 0.905 0.902 0.914 0.929 0.956 0.964 0.965 0.966
VAL01B3920_001 1.000 1.000 1.000 1.000 1.000 1.000 1.000 1.000 1.000 1.000 1.000 1.000 1.000 1.000 1.000
ASP01B3921_001 0.027 0.029 0.027 0.025 0.023 0.015 0.003 0.000 0.000 0.000 0.000 0.000 0.000 0.000 0.000
ASP01B3921_002 0.560 0.556 0.569 0.551 0.475 0.268 0.054 0.010 0.005 0.000 0.000 0.000 0.000 0.000 0.000
ASP02B3921_003 0.016 0.016 0.015 0.016 0.013 0.008 0.002 0.000 0.000 0.000 0.000 0.000 0.000 0.000 0.000
ASP02B3921_004 0.397 0.400 0.388 0.389 0.353 0.192 0.040 0.007 0.000 0.000 0.000 0.000 0.000 0.000 0.000
ASP-1B3921_005 0.000 0.000 0.000 0.019 0.136 0.517 0.902 0.984 0.995 1.000 1.000 1.000 1.000 1.000 1.000
CTR01B3921_001 0.000 0.000 0.000 0.002 0.000 0.000 0.006 0.008 0.008 0.000 0.003 0.000 0.000 0.000 0.000
CTR01B3921_002 0.207 0.205 0.210 0.206 0.211 0.228 0.236 0.236 0.235 0.194 0.076 0.017 0.002 0.000 0.000
CTR02B3921_003 0.000 0.000 0.000 0.000 0.000 0.000 0.000 0.000 0.000 0.000 0.000 0.000 0.000 0.000 0.000
CTR02B3921_004 0.793 0.795 0.790 0.792 0.789 0.770 0.752 0.729 0.614 0.431 0.179 0.043 0.004 0.001 0.000
CTR-1B3921_005 0.000 0.000 0.000 0.000 0.000 0.002 0.005 0.027 0.142 0.376 0.742 0.940 0.994 0.999 1.000
NTR01B3923_001 1.000 1.000 1.000 1.000 1.000 1.000 1.000 1.000 1.000 1.000 1.000 1.000 1.000 1.000 1.000
NTR+1B3923_002 0.000 0.000 0.000 0.000 0.000 0.000 0.000 0.000 0.000 0.000 0.000 0.000 0.000 0.000 0.000
CTR01B3923_001 0.000 0.004 0.003 0.004 0.003 0.004 0.003 0.003 0.000 0.000 0.000 0.000 0.000 0.000 0.000
CTR01B3923_002 0.129 0.127 0.126 0.126 0.135 0.128 0.127 0.121 0.069 0.026 0.008 0.000 0.000 0.000 0.000
CTR02B3923_003 0.000 0.000 0.000 0.000 0.000 0.000 0.000 0.000 0.000 0.000 0.000 0.000 0.000 0.000 0.000
CTR02B3923_004 0.871 0.869 0.871 0.870 0.861 0.866 0.857 0.786 0.499 0.206 0.061 0.014 0.000 0.000 0.000
CTR-1B3923_005 0.000 0.000 0.000 0.000 0.000 0.002 0.013 0.090 0.432 0.768 0.931 0.986 1.000 1.000 1.000
LEU01B3923_001 1.000 1.000 1.000 1.000 1.000 1.000 1.000 1.000 1.000 1.000 1.000 1.000 1.000 1.000 1.000
NTR01B3927_001 1.000 1.000 1.000 1.000 1.000 1.000 1.000 1.000 1.000 1.000 1.000 1.000 1.000 1.000 1.000
NTR+1B3927_002 0.000 0.000 0.000 0.000 0.000 0.000 0.000 0.000 0.000 0.000 0.000 0.000 0.000 0.000 0.000
CTR01B3927_001 0.009 0.008 0.008 0.007 0.005 0.000 0.000 0.000 0.000 0.000 0.000 0.000 0.000 0.000 0.000
CTR01B3927_002 0.389 0.388 0.385 0.354 0.212 0.062 0.010 0.000 0.000 0.000 0.000 0.000 0.000 0.000 0.000
CTR02B3927_003 0.009 0.008 0.007 0.008 0.005 0.001 0.000 0.000 0.000 0.000 0.000 0.000 0.000 0.000 0.000
CTR02B3927_004 0.593 0.596 0.589 0.531 0.331 0.097 0.016 0.003 0.000 0.000 0.000 0.000 0.000 0.000 0.000
CTR-1B3927_005 0.000 0.000 0.011 0.100 0.447 0.840 0.974 0.997 1.000 1.000 1.000 1.000 1.000 1.000 1.000
GLN01B3927_001 1.000 1.000 1.000 1.000 1.000 1.000 1.000 1.000 1.000 1.000 1.000 1.000 1.000 1.000 1.000
NTG01B3971_001 1.000 1.000 1.000 1.000 1.000 1.000 1.000 1.000 1.000 1.000 1.000 1.000 1.000 1.000 1.000
NTG+1B3971_002 0.000 0.000 0.000 0.000 0.000 0.000 0.000 0.000 0.000 0.000 0.000 0.000 0.000 0.000 0.000
PRO01B3972_001 1.000 1.000 1.000 1.000 1.000 1.000 1.000 1.000 1.000 1.000 1.000 1.000 1.000 1.000 1.000
CTR01B3972_001 0.000 0.000 0.000 0.000 0.000 0.000 0.000 0.000 0.000 0.000 0.000 0.000 0.000 0.000 0.000
CTR01B3972_002 0.366 0.366 0.365 0.341 0.263 0.109 0.020 0.002 0.000 0.000 0.000 0.000 0.000 0.000 0.000
CTR02B3972_003 0.010 0.010 0.010 0.009 0.008 0.003 0.000 0.000 0.000 0.000 0.000 0.000 0.000 0.000 0.000
CTR02B3972_004 0.623 0.624 0.617 0.594 0.443 0.186 0.037 0.005 0.001 0.000 0.000 0.000 0.000 0.000 0.000
CTR-1B3972_005 0.000 0.000 0.008 0.056 0.286 0.702 0.943 0.993 0.999 1.000 1.000 1.000 1.000 1.000 1.000
NTR01B3989_001 1.000 1.000 1.000 1.000 1.000 1.000 1.000 1.000 1.000 1.000 1.000 1.000 1.000 1.000 1.000
NTR+1B3989_002 0.000 0.000 0.000 0.000 0.000 0.000 0.000 0.000 0.000 0.000 0.000 0.000 0.000 0.000 0.000
CTR01B3989_001 0.007 0.007 0.006 0.005 0.004 0.002 0.000 0.000 0.000 0.000 0.000 0.000 0.000 0.000 0.000
CTR01B3989_002 0.461 0.466 0.454 0.420 0.296 0.140 0.025 0.003 0.000 0.000 0.000 0.000 0.000 0.000 0.000
CTR02B3989_003 0.010 0.010 0.007 0.008 0.007 0.000 0.000 0.000 0.000 0.000 0.000 0.000 0.000 0.000 0.000
CTR02B3989_004 0.522 0.516 0.522 0.491 0.363 0.183 0.036 0.004 0.000 0.000 0.000 0.000 0.000 0.000 0.000
CTR-1B3989_005 0.000 0.002 0.011 0.076 0.331 0.675 0.939 0.993 1.000 1.000 1.000 1.000 1.000 1.000 1.000
VAL01B3989_001 1.000 1.000 1.000 1.000 1.000 1.000 1.000 1.000 1.000 1.000 1.000 1.000 1.000 1.000 1.000
NTR01B4024_001 0.000 0.000 0.000 0.000 0.000 0.000 0.000 0.000 0.006 0.054 0.331 0.814 0.977 0.997 1.000
NTR+1B4024_002 1.000 1.000 1.000 1.000 1.000 1.000 1.000 1.000 0.994 0.946 0.669 0.186 0.023 0.003 0.000
CTR01B4024_001 0.003 0.000 0.003 0.002 0.000 0.000 0.000 0.000 0.000 0.000 0.000 0.000 0.000 0.000 0.000
CTR01B4024_002 0.415 0.412 0.373 0.217 0.063 0.012 0.002 0.000 0.000 0.000 0.000 0.000 0.000 0.000 0.000
CTR02B4024_003 0.000 0.000 0.000 0.000 0.000 0.000 0.000 0.000 0.000 0.000 0.000 0.000 0.000 0.000 0.000
CTR02B4024_004 0.581 0.577 0.524 0.302 0.087 0.016 0.003 0.000 0.000 0.000 0.000 0.000 0.000 0.000 0.000
CTR-1B4024_005 0.001 0.011 0.100 0.479 0.851 0.971 0.994 1.000 1.000 1.000 1.000 1.000 1.000 1.000 1.000
VAL01B4024_001 1.000 1.000 1.000 1.000 1.000 1.000 1.000 1.000 1.000 1.000 1.000 1.000 1.000 1.000 1.000
NTR01B4032_001 0.000 0.000 0.000 0.000 0.000 0.001 0.004 0.030 0.224 0.725 0.956 0.995 0.999 1.000 1.000
NTR+1B4032_002 1.000 1.000 1.000 1.000 1.000 0.999 0.996 0.970 0.776 0.275 0.044 0.005 0.001 0.000 0.000
GLU01B4032_001 0.077 0.080 0.077 0.074 0.060 0.029 0.006 0.000 0.000 0.000 0.000 0.000 0.000 0.000 0.000
GLU01B4032_002 0.923 0.919 0.915 0.865 0.692 0.340 0.064 0.010 0.000 0.000 0.000 0.000 0.000 0.000 0.000
GLU02B4032_003 0.000 0.000 0.000 0.000 0.000 0.000 0.000 0.000 0.000 0.000 0.000 0.000 0.000 0.000 0.000
GLU02B4032_004 0.000 0.000 0.001 0.001 0.000 0.000 0.000 0.000 0.000 0.000 0.000 0.000 0.000 0.000 0.000
GLU-1B4032_005 0.000 0.001 0.007 0.060 0.248 0.631 0.930 0.990 1.000 1.000 1.000 1.000 1.000 1.000 1.000
CTR01B4033_001 0.011 0.010 0.010 0.007 0.003 0.000 0.000 0.000 0.000 0.000 0.000 0.000 0.000 0.000 0.000
CTR01B4033_002 0.472 0.470 0.458 0.367 0.180 0.046 0.007 0.001 0.000 0.000 0.000 0.000 0.000 0.000 0.000
CTR02B4033_003 0.003 0.000 0.002 0.002 0.000 0.000 0.000 0.000 0.000 0.000 0.000 0.000 0.000 0.000 0.000
CTR02B4033_004 0.514 0.517 0.493 0.406 0.202 0.054 0.008 0.001 0.000 0.000 0.000 0.000 0.000 0.000 0.000
CTR-1B4033_005 0.000 0.003 0.037 0.218 0.615 0.900 0.985 0.998 1.000 1.000 1.000 1.000 1.000 1.000 1.000
NTR01B4037_001 1.000 1.000 1.000 1.000 1.000 1.000 1.000 1.000 1.000 1.000 1.000 1.000 1.000 1.000 1.000
NTR+1B4037_002 0.000 0.000 0.000 0.000 0.000 0.000 0.000 0.000 0.000 0.000 0.000 0.000 0.000 0.000 0.000
CTR01B4037_001 0.000 0.000 0.000 0.000 0.000 0.000 0.000 0.000 0.000 0.000 0.000 0.000 0.000 0.000 0.000
CTR01B4037_002 0.422 0.424 0.401 0.327 0.143 0.031 0.004 0.000 0.000 0.000 0.000 0.000 0.000 0.000 0.000
CTR02B4037_003 0.011 0.012 0.011 0.010 0.005 0.000 0.000 0.000 0.000 0.000 0.000 0.000 0.000 0.000 0.000
CTR02B4037_004 0.566 0.560 0.558 0.446 0.206 0.045 0.006 0.000 0.000 0.000 0.000 0.000 0.000 0.000 0.000
CTR-1B4037_005 0.000 0.004 0.030 0.217 0.646 0.924 0.990 1.000 1.000 1.000 1.000 1.000 1.000 1.000 1.000
ASN01B4037_001 1.000 1.000 1.000 1.000 1.000 1.000 1.000 1.000 1.000 1.000 1.000 1.000 1.000 1.000 1.000
NTR01B4049_001 0.000 0.000 0.000 0.000 0.001 0.009 0.057 0.362 0.844 0.981 1.000 1.000 1.000 1.000 1.000
NTR+1B4049_002 1.000 1.000 1.000 1.000 0.999 0.991 0.943 0.638 0.156 0.019 0.000 0.000 0.000 0.000 0.000
VAL01B4049_001 1.000 1.000 1.000 1.000 1.000 1.000 1.000 1.000 1.000 1.000 1.000 1.000 1.000 1.000 1.000
GLU01B4050_001 0.000 0.003 0.003 0.003 0.002 0.001 0.000 0.000 0.000 0.000 0.000 0.000 0.000 0.000 0.000
GLU01B4050_002 0.095 0.096 0.094 0.094 0.066 0.023 0.005 0.000 0.000 0.000 0.000 0.000 0.000 0.000 0.000
GLU02B4050_003 0.050 0.053 0.055 0.054 0.037 0.012 0.002 0.000 0.000 0.000 0.000 0.000 0.000 0.000 0.000
GLU02B4050_004 0.856 0.849 0.838 0.768 0.560 0.208 0.037 0.007 0.000 0.000 0.000 0.000 0.000 0.000 0.000
GLU-1B4050_005 0.000 0.000 0.010 0.081 0.334 0.756 0.956 0.993 1.000 1.000 1.000 1.000 1.000 1.000 1.000
CTR01B4050_001 0.079 0.054 0.012 0.002 0.000 0.000 0.000 0.000 0.000 0.000 0.000 0.000 0.000 0.000 0.000
CTR01B4050_002 0.622 0.408 0.109 0.022 0.000 0.000 0.000 0.000 0.000 0.000 0.000 0.000 0.000 0.000 0.000
CTR02B4050_003 0.022 0.016 0.003 0.000 0.000 0.000 0.000 0.000 0.000 0.000 0.000 0.000 0.000 0.000 0.000
CTR02B4050_004 0.222 0.155 0.040 0.007 0.004 0.000 0.000 0.000 0.000 0.000 0.000 0.000 0.000 0.000 0.000
CTR-1B4050_005 0.055 0.368 0.836 0.969 0.996 1.000 1.000 1.000 1.000 1.000 1.000 1.000 1.000 1.000 1.000
NTR01B4052_001 0.000 0.000 0.000 0.000 0.000 0.000 0.000 0.000 0.000 0.005 0.048 0.316 0.818 0.980 0.998
NTR+1B4052_002 1.000 1.000 1.000 1.000 1.000 1.000 1.000 1.000 1.000 0.995 0.952 0.684 0.182 0.020 0.002
CTR01B4052_001 0.005 0.006 0.005 0.000 0.001 0.000 0.000 0.000 0.000 0.000 0.000 0.000 0.000 0.000 0.000
CTR01B4052_002 0.437 0.430 0.389 0.252 0.061 0.009 0.000 0.000 0.000 0.000 0.000 0.000 0.000 0.000 0.000
CTR02B4052_003 0.000 0.003 0.003 0.000 0.000 0.000 0.000 0.000 0.000 0.000 0.000 0.000 0.000 0.000 0.000
CTR02B4052_004 0.558 0.548 0.521 0.332 0.084 0.014 0.003 0.000 0.000 0.000 0.000 0.000 0.000 0.000 0.000
CTR-1B4052_005 0.000 0.013 0.081 0.416 0.854 0.977 0.997 1.000 1.000 1.000 1.000 1.000 1.000 1.000 1.000
SER01B4052_001 0.534 0.540 0.546 0.596 0.651 0.661 0.655 0.639 0.610 0.596 0.599 0.604 0.614 0.608 0.610
SER01B4052_002 0.466 0.460 0.454 0.404 0.349 0.339 0.345 0.361 0.390 0.404 0.401 0.396 0.386 0.392 0.390
NTR01B4080_001 0.000 0.000 0.000 0.000 0.000 0.000 0.000 0.010 0.051 0.274 0.696 0.916 0.988 1.000 1.000
NTR+1B4080_002 1.000 1.000 1.000 1.000 1.000 1.000 1.000 0.990 0.949 0.726 0.304 0.084 0.012 0.000 0.000
CTR01B4080_001 0.082 0.053 0.013 0.002 0.000 0.000 0.000 0.000 0.000 0.000 0.000 0.000 0.000 0.000 0.000
CTR01B4080_002 0.137 0.089 0.026 0.004 0.000 0.000 0.000 0.000 0.000 0.000 0.000 0.000 0.000 0.000 0.000
CTR02B4080_003 0.007 0.004 0.002 0.000 0.000 0.000 0.000 0.000 0.000 0.000 0.000 0.000 0.000 0.000 0.000
CTR02B4080_004 0.685 0.427 0.126 0.017 0.000 0.000 0.001 0.001 0.000 0.000 0.000 0.000 0.000 0.000 0.000
CTR-1B4080_005 0.090 0.427 0.834 0.977 1.000 1.000 0.999 0.999 1.000 1.000 1.000 1.000 1.000 1.000 1.000
TYR01B4080_001 1.000 1.000 1.000 1.000 1.000 1.000 1.000 0.998 0.988 0.932 0.741 0.321 0.050 0.005 0.000
TYR-1B4080_002 0.000 0.000 0.000 0.000 0.000 0.000 0.000 0.002 0.012 0.068 0.259 0.679 0.950 0.995 1.000
NTR01B4082_001 0.000 0.001 0.002 0.001 0.000 0.007 0.061 0.327 0.760 0.940 0.989 0.998 1.000 1.000 1.000
NTR+1B4082_002 1.000 0.999 0.998 0.999 1.000 0.993 0.939 0.673 0.240 0.060 0.011 0.002 0.000 0.000 0.000
THR01B4082_001 0.014 0.017 0.024 0.029 0.026 0.030 0.044 0.104 0.216 0.264 0.283 0.286 0.296 0.287 0.276
THR01B4082_002 0.253 0.265 0.314 0.350 0.366 0.362 0.374 0.411 0.450 0.468 0.465 0.475 0.468 0.488 0.510
THR01B4082_003 0.733 0.718 0.663 0.621 0.608 0.609 0.583 0.485 0.335 0.268 0.251 0.239 0.237 0.225 0.214
ASP01B4083_001 0.000 0.000 0.000 0.000 0.000 0.000 0.000 0.000 0.000 0.000 0.000 0.000 0.000 0.000 0.000
ASP01B4083_002 0.034 0.028 0.013 0.003 0.000 0.000 0.000 0.000 0.000 0.000 0.000 0.000 0.000 0.000 0.000
ASP02B4083_003 0.016 0.016 0.009 0.002 0.000 0.000 0.000 0.000 0.000 0.000 0.000 0.000 0.000 0.000 0.000
ASP02B4083_004 0.921 0.770 0.406 0.083 0.011 0.000 0.000 0.000 0.001 0.000 0.000 0.000 0.000 0.000 0.000
ASP-1B4083_005 0.029 0.186 0.571 0.912 0.989 1.000 1.000 1.000 0.999 1.000 1.000 1.000 1.000 1.000 1.000
PRO01B4084_001 1.000 1.000 1.000 1.000 1.000 1.000 1.000 1.000 1.000 1.000 1.000 1.000 1.000 1.000 1.000
ARG01B4085_001 0.000 0.000 0.000 0.000 0.000 0.000 0.000 0.000 0.000 0.000 0.002 0.012 0.085 0.417 0.742
ARG02B4085_002 0.000 0.000 0.000 0.000 0.000 0.000 0.000 0.000 0.000 0.000 0.000 0.000 0.004 0.020 0.040
ARG02B4085_003 0.000 0.000 0.000 0.000 0.000 0.000 0.000 0.000 0.000 0.000 0.000 0.000 0.000 0.003 0.006
ARG03B4085_004 0.000 0.000 0.000 0.000 0.000 0.000 0.000 0.000 0.000 0.000 0.000 0.002 0.015 0.071 0.128
ARG+1B4085_005 1.000 1.000 1.000 1.000 1.000 1.000 1.000 1.000 1.000 1.000 0.998 0.986 0.896 0.490 0.084
LEU01B4087_001 1.000 1.000 1.000 1.000 1.000 1.000 1.000 1.000 1.000 1.000 1.000 1.000 1.000 1.000 1.000
CTR01B4087_001 0.000 0.000 0.000 0.000 0.000 0.000 0.000 0.000 0.000 0.000 0.000 0.000 0.000 0.000 0.000
CTR01B4087_002 0.393 0.441 0.587 0.710 0.737 0.732 0.720 0.604 0.347 0.076 0.019 0.002 0.000 0.000 0.000
CTR02B4087_003 0.011 0.009 0.006 0.005 0.000 0.003 0.003 0.003 0.000 0.000 0.000 0.000 0.000 0.000 0.000
CTR02B4087_004 0.596 0.549 0.407 0.285 0.263 0.259 0.240 0.211 0.116 0.026 0.000 0.000 0.000 0.000 0.000
CTR-1B4087_005 0.000 0.000 0.000 0.000 0.000 0.006 0.037 0.182 0.536 0.898 0.981 0.998 1.000 1.000 1.000
NTR01B4118_001 0.000 0.000 0.000 0.002 0.012 0.032 0.066 0.181 0.567 0.916 0.989 1.000 1.000 1.000 1.000
NTR+1B4118_002 1.000 1.000 1.000 0.998 0.988 0.968 0.934 0.819 0.433 0.084 0.011 0.000 0.000 0.000 0.000
ASP01B4118_001 0.020 0.020 0.021 0.017 0.015 0.010 0.003 0.001 0.000 0.000 0.000 0.000 0.000 0.000 0.000
ASP01B4118_002 0.609 0.608 0.596 0.577 0.461 0.245 0.102 0.037 0.014 0.002 0.001 0.000 0.000 0.000 0.000
ASP02B4118_003 0.000 0.000 0.001 0.000 0.000 0.001 0.001 0.001 0.000 0.000 0.000 0.000 0.000 0.000 0.000
ASP02B4118_004 0.371 0.372 0.377 0.364 0.298 0.180 0.090 0.035 0.014 0.003 0.000 0.000 0.000 0.000 0.000
ASP-1B4118_005 0.000 0.000 0.005 0.042 0.225 0.564 0.804 0.926 0.972 0.995 0.999 1.000 1.000 1.000 1.000
GLU01B4119_001 0.010 0.011 0.011 0.010 0.005 0.000 0.000 0.000 0.000 0.000 0.000 0.000 0.000 0.000 0.000
GLU01B4119_002 0.280 0.277 0.278 0.242 0.123 0.029 0.005 0.000 0.000 0.000 0.000 0.000 0.000 0.000 0.000
GLU02B4119_003 0.021 0.022 0.025 0.020 0.011 0.002 0.000 0.000 0.000 0.000 0.000 0.000 0.000 0.000 0.000
GLU02B4119_004 0.689 0.689 0.665 0.602 0.309 0.071 0.014 0.005 0.000 0.000 0.000 0.000 0.000 0.000 0.000
GLU-1B4119_005 0.000 0.002 0.020 0.126 0.552 0.898 0.981 0.995 1.000 1.000 1.000 1.000 1.000 1.000 1.000
ASN01B4120_001 0.013 0.011 0.012 0.013 0.016 0.015 0.018 0.022 0.028 0.032 0.032 0.033 0.036 0.038 0.035
ASN01B4120_002 0.987 0.989 0.988 0.987 0.984 0.985 0.982 0.978 0.972 0.968 0.968 0.967 0.964 0.962 0.965
GLU01B4121_001 0.000 0.003 0.003 0.004 0.004 0.006 0.005 0.000 0.000 0.000 0.000 0.000 0.000 0.000 0.000
GLU01B4121_002 0.140 0.137 0.142 0.148 0.150 0.146 0.102 0.029 0.005 0.000 0.000 0.000 0.000 0.000 0.000
GLU02B4121_003 0.062 0.066 0.067 0.068 0.062 0.051 0.028 0.009 0.001 0.000 0.000 0.000 0.000 0.000 0.000
GLU02B4121_004 0.797 0.794 0.787 0.774 0.747 0.667 0.426 0.106 0.022 0.000 0.000 0.000 0.000 0.000 0.000
GLU-1B4121_005 0.000 0.000 0.000 0.006 0.037 0.130 0.440 0.856 0.972 1.000 1.000 1.000 1.000 1.000 1.000
MET01B4122_001 1.000 1.000 1.000 1.000 1.000 1.000 1.000 1.000 1.000 1.000 1.000 1.000 1.000 1.000 1.000
CTR01B4122_001 0.000 0.000 0.000 0.000 0.000 0.000 0.000 0.000 0.000 0.000 0.000 0.000 0.000 0.000 0.000
CTR01B4122_002 0.486 0.480 0.467 0.453 0.425 0.308 0.120 0.039 0.016 0.004 0.000 0.000 0.000 0.000 0.000
CTR02B4122_003 0.009 0.008 0.010 0.010 0.010 0.005 0.002 0.001 0.000 0.000 0.000 0.000 0.000 0.000 0.000
CTR02B4122_004 0.505 0.512 0.523 0.520 0.449 0.271 0.089 0.025 0.011 0.002 0.000 0.000 0.000 0.000 0.000
CTR-1B4122_005 0.000 0.000 0.000 0.017 0.116 0.416 0.789 0.936 0.973 0.994 0.999 1.000 1.000 1.000 1.000
NTR01B4145_001 1.000 1.000 1.000 1.000 1.000 1.000 1.000 1.000 1.000 1.000 1.000 1.000 1.000 1.000 1.000
NTR+1B4145_002 0.000 0.000 0.000 0.000 0.000 0.000 0.000 0.000 0.000 0.000 0.000 0.000 0.000 0.000 0.000
CTR01B4145_001 0.008 0.006 0.008 0.007 0.004 0.001 0.000 0.000 0.000 0.000 0.000 0.000 0.000 0.000 0.000
CTR01B4145_002 0.464 0.462 0.455 0.411 0.278 0.085 0.014 0.001 0.000 0.000 0.000 0.000 0.000 0.000 0.000
CTR02B4145_003 0.004 0.003 0.000 0.003 0.000 0.000 0.000 0.000 0.000 0.000 0.000 0.000 0.000 0.000 0.000
CTR02B4145_004 0.524 0.528 0.522 0.475 0.321 0.106 0.018 0.002 0.000 0.000 0.000 0.000 0.000 0.000 0.000
CTR-1B4145_005 0.000 0.000 0.015 0.105 0.397 0.808 0.968 0.996 0.999 1.000 1.000 1.000 1.000 1.000 1.000
VAL01B4145_001 1.000 1.000 1.000 1.000 1.000 1.000 1.000 1.000 1.000 1.000 1.000 1.000 1.000 1.000 1.000
NTR01B4150_001 1.000 1.000 1.000 1.000 1.000 1.000 1.000 1.000 1.000 1.000 1.000 1.000 1.000 1.000 1.000
NTR+1B4150_002 0.000 0.000 0.000 0.000 0.000 0.000 0.000 0.000 0.000 0.000 0.000 0.000 0.000 0.000 0.000
CTR01B4150_001 0.007 0.008 0.008 0.006 0.004 0.000 0.000 0.000 0.000 0.000 0.000 0.000 0.000 0.000 0.000
CTR01B4150_002 0.494 0.494 0.480 0.429 0.235 0.061 0.006 0.000 0.000 0.000 0.000 0.000 0.000 0.000 0.000
CTR02B4150_003 0.006 0.006 0.006 0.005 0.003 0.000 0.000 0.000 0.000 0.000 0.000 0.000 0.000 0.000 0.000
CTR02B4150_004 0.493 0.492 0.483 0.419 0.236 0.060 0.005 0.000 0.000 0.000 0.000 0.000 0.000 0.000 0.000
CTR-1B4150_005 0.000 0.000 0.022 0.142 0.523 0.880 0.989 1.000 1.000 1.000 1.000 1.000 1.000 1.000 1.000
LEU01B4150_001 1.000 1.000 1.000 1.000 1.000 1.000 1.000 1.000 1.000 1.000 1.000 1.000 1.000 1.000 1.000
NTR01B4540_001 0.000 0.000 0.004 0.036 0.200 0.602 0.928 0.992 1.000 1.000 1.000 1.000 1.000 1.000 1.000
NTR+1B4540_002 1.000 1.000 0.996 0.964 0.800 0.398 0.072 0.008 0.000 0.000 0.000 0.000 0.000 0.000 0.000
PHE01B4540_001 1.000 1.000 1.000 1.000 1.000 1.000 1.000 1.000 1.000 1.000 1.000 1.000 1.000 1.000 1.000
TRP01B4541_001 1.000 1.000 1.000 1.000 1.000 1.000 1.000 1.000 1.000 1.000 1.000 1.000 1.000 1.000 1.000
GLU01B4543_001 0.018 0.018 0.018 0.017 0.011 0.004 0.000 0.000 0.000 0.000 0.000 0.000 0.000 0.000 0.000
GLU01B4543_002 0.623 0.624 0.628 0.549 0.324 0.100 0.017 0.002 0.000 0.000 0.000 0.000 0.000 0.000 0.000
GLU02B4543_003 0.015 0.015 0.015 0.013 0.008 0.003 0.000 0.000 0.000 0.000 0.000 0.000 0.000 0.000 0.000
GLU02B4543_004 0.344 0.343 0.328 0.308 0.170 0.047 0.009 0.001 0.000 0.000 0.000 0.000 0.000 0.000 0.000
GLU-1B4543_005 0.000 0.000 0.011 0.113 0.487 0.846 0.975 0.998 1.000 1.000 1.000 1.000 1.000 1.000 1.000
LEU01B4544_001 1.000 1.000 1.000 1.000 1.000 1.000 1.000 1.000 1.000 1.000 1.000 1.000 1.000 1.000 1.000
GLU01B4545_001 0.048 0.046 0.045 0.044 0.025 0.009 0.001 0.000 0.000 0.000 0.000 0.000 0.000 0.000 0.000
GLU01B4545_002 0.747 0.753 0.754 0.701 0.445 0.131 0.020 0.003 0.000 0.000 0.000 0.000 0.000 0.000 0.000
GLU02B4545_003 0.006 0.007 0.006 0.007 0.004 0.001 0.000 0.000 0.000 0.000 0.000 0.000 0.000 0.000 0.000
GLU02B4545_004 0.198 0.194 0.187 0.175 0.110 0.035 0.006 0.000 0.000 0.000 0.000 0.000 0.000 0.000 0.000
GLU-1B4545_005 0.000 0.000 0.008 0.073 0.415 0.824 0.974 0.997 1.000 1.000 1.000 1.000 1.000 1.000 1.000
VAL01B4546_001 1.000 1.000 1.000 1.000 1.000 1.000 1.000 1.000 1.000 1.000 1.000 1.000 1.000 1.000 1.000
GLN01B4547_001 1.000 1.000 1.000 1.000 1.000 1.000 1.000 1.000 1.000 1.000 1.000 1.000 1.000 1.000 1.000
ARG01B4548_001 0.000 0.000 0.000 0.000 0.000 0.000 0.000 0.000 0.000 0.003 0.011 0.075 0.392 0.744 0.828
ARG02B4548_002 0.000 0.000 0.000 0.000 0.000 0.000 0.000 0.000 0.000 0.000 0.001 0.008 0.038 0.074 0.077
ARG03B4548_003 0.000 0.000 0.000 0.000 0.000 0.000 0.000 0.000 0.000 0.000 0.001 0.009 0.039 0.071 0.082
ARG+1B4548_004 1.000 1.000 1.000 1.000 1.000 1.000 1.000 1.000 1.000 0.997 0.986 0.909 0.530 0.112 0.013
VAL01B4549_001 1.000 1.000 1.000 1.000 1.000 1.000 1.000 1.000 1.000 1.000 1.000 1.000 1.000 1.000 1.000
LYS01B4550_001 0.000 0.000 0.000 0.000 0.000 0.000 0.000 0.004 0.043 0.294 0.773 0.964 0.995 1.000 1.000
LYS+1B4550_002 1.000 1.000 1.000 1.000 1.000 1.000 1.000 0.996 0.957 0.706 0.227 0.036 0.005 0.000 0.000
PHE01B4551_001 1.000 1.000 1.000 1.000 1.000 1.000 1.000 1.000 1.000 1.000 1.000 1.000 1.000 1.000 1.000
LEU01B4552_001 1.000 1.000 1.000 1.000 1.000 1.000 1.000 1.000 1.000 1.000 1.000 1.000 1.000 1.000 1.000
ASN01B4553_001 0.855 0.850 0.862 0.855 0.852 0.846 0.853 0.861 0.849 0.828 0.794 0.793 0.802 0.811 0.816
ASN01B4553_002 0.145 0.150 0.138 0.145 0.148 0.154 0.147 0.139 0.151 0.172 0.206 0.207 0.198 0.189 0.184
TYR01B4554_001 0.158 0.161 0.160 0.157 0.161 0.154 0.154 0.156 0.147 0.121 0.059 0.012 0.002 0.000 0.000
TYR01B4554_002 0.842 0.839 0.840 0.843 0.839 0.846 0.846 0.841 0.829 0.710 0.331 0.065 0.009 0.001 0.000
TYR-1B4554_003 0.000 0.000 0.000 0.000 0.000 0.000 0.000 0.002 0.024 0.168 0.610 0.923 0.990 0.999 1.000
LEU01B4555_001 1.000 1.000 1.000 1.000 1.000 1.000 1.000 1.000 1.000 1.000 1.000 1.000 1.000 1.000 1.000
SER01B4556_001 1.000 1.000 1.000 1.000 1.000 1.000 1.000 1.000 1.000 1.000 1.000 1.000 1.000 1.000 1.000
ARG01B4557_001 0.000 0.000 0.000 0.000 0.000 0.000 0.000 0.000 0.000 0.000 0.001 0.006 0.058 0.299 0.562
ARG02B4557_002 0.000 0.000 0.000 0.000 0.000 0.000 0.000 0.000 0.000 0.000 0.000 0.001 0.010 0.063 0.117
ARG03B4557_003 0.000 0.000 0.000 0.000 0.000 0.000 0.000 0.000 0.000 0.000 0.000 0.002 0.018 0.110 0.200
ARG+1B4557_004 1.000 1.000 1.000 1.000 1.000 1.000 1.000 1.000 1.000 1.000 0.999 0.991 0.914 0.528 0.121
ASN01B4558_001 1.000 1.000 1.000 1.000 1.000 1.000 1.000 1.000 1.000 1.000 1.000 1.000 1.000 1.000 1.000
PHE01B4559_001 1.000 1.000 1.000 1.000 1.000 1.000 1.000 1.000 1.000 1.000 1.000 1.000 1.000 1.000 1.000
TYR01B4560_001 1.000 1.000 1.000 1.000 1.000 1.000 1.000 0.999 0.989 0.926 0.628 0.218 0.047 0.008 0.000
TYR-1B4560_002 0.000 0.000 0.000 0.000 0.000 0.000 0.000 0.001 0.011 0.074 0.372 0.782 0.953 0.992 1.000
THR01B4561_001 1.000 1.000 1.000 1.000 1.000 1.000 1.000 1.000 1.000 1.000 1.000 1.000 1.000 1.000 1.000
LEU01B4562_001 1.000 1.000 1.000 1.000 1.000 1.000 1.000 1.000 1.000 1.000 1.000 1.000 1.000 1.000 1.000
ARG01B4563_001 0.000 0.000 0.000 0.000 0.000 0.000 0.000 0.000 0.000 0.000 0.000 0.000 0.000 0.005 0.015
ARG02B4563_002 0.000 0.000 0.000 0.000 0.000 0.000 0.000 0.000 0.000 0.000 0.001 0.000 0.010 0.033 0.099
ARG03B4563_003 0.000 0.000 0.000 0.000 0.000 0.000 0.000 0.000 0.000 0.000 0.000 0.000 0.000 0.001 0.004
ARG+1B4563_004 1.000 1.000 1.000 1.000 1.000 1.000 1.000 1.000 1.000 1.000 0.999 1.000 0.990 0.961 0.881
PHE01B4564_001 1.000 1.000 1.000 1.000 1.000 1.000 1.000 1.000 1.000 1.000 1.000 1.000 1.000 1.000 1.000
LEU01B4565_001 1.000 1.000 1.000 1.000 1.000 1.000 1.000 1.000 1.000 1.000 1.000 1.000 1.000 1.000 1.000
ALA01B4566_001 1.000 1.000 1.000 1.000 1.000 1.000 1.000 1.000 1.000 1.000 1.000 1.000 1.000 1.000 1.000
LEU01B4567_001 1.000 1.000 1.000 1.000 1.000 1.000 1.000 1.000 1.000 1.000 1.000 1.000 1.000 1.000 1.000
PHE01B4568_001 1.000 1.000 1.000 1.000 1.000 1.000 1.000 1.000 1.000 1.000 1.000 1.000 1.000 1.000 1.000
LEU01B4569_001 1.000 1.000 1.000 1.000 1.000 1.000 1.000 1.000 1.000 1.000 1.000 1.000 1.000 1.000 1.000
ALA01B4570_001 1.000 1.000 1.000 1.000 1.000 1.000 1.000 1.000 1.000 1.000 1.000 1.000 1.000 1.000 1.000
PHE01B4571_001 1.000 1.000 1.000 1.000 1.000 1.000 1.000 1.000 1.000 1.000 1.000 1.000 1.000 1.000 1.000
ALA01B4572_001 1.000 1.000 1.000 1.000 1.000 1.000 1.000 1.000 1.000 1.000 1.000 1.000 1.000 1.000 1.000
ILE01B4573_001 1.000 1.000 1.000 1.000 1.000 1.000 1.000 1.000 1.000 1.000 1.000 1.000 1.000 1.000 1.000
ASN01B4574_001 0.000 0.000 0.000 0.000 0.000 0.000 0.000 0.000 0.000 0.000 0.000 0.000 0.000 0.000 0.000
ASN01B4574_002 1.000 1.000 1.000 1.000 1.000 1.000 1.000 1.000 1.000 1.000 1.000 1.000 1.000 1.000 1.000
PHE01B4575_001 1.000 1.000 1.000 1.000 1.000 1.000 1.000 1.000 1.000 1.000 1.000 1.000 1.000 1.000 1.000
ILE01B4576_001 1.000 1.000 1.000 1.000 1.000 1.000 1.000 1.000 1.000 1.000 1.000 1.000 1.000 1.000 1.000
LEU01B4577_001 1.000 1.000 1.000 1.000 1.000 1.000 1.000 1.000 1.000 1.000 1.000 1.000 1.000 1.000 1.000
LEU01B4578_001 1.000 1.000 1.000 1.000 1.000 1.000 1.000 1.000 1.000 1.000 1.000 1.000 1.000 1.000 1.000
PHE01B4579_001 1.000 1.000 1.000 1.000 1.000 1.000 1.000 1.000 1.000 1.000 1.000 1.000 1.000 1.000 1.000
TYR01B4580_001 1.000 1.000 1.000 1.000 1.000 1.000 1.000 1.000 1.000 1.000 0.998 0.988 0.935 0.606 0.141
TYR-1B4580_002 0.000 0.000 0.000 0.000 0.000 0.000 0.000 0.000 0.000 0.000 0.002 0.012 0.065 0.394 0.859
LYS01B4581_001 0.000 0.000 0.000 0.000 0.000 0.000 0.000 0.000 0.003 0.027 0.203 0.629 0.927 0.991 1.000
LYS+1B4581_002 1.000 1.000 1.000 1.000 1.000 1.000 1.000 1.000 0.997 0.973 0.797 0.371 0.073 0.009 0.000
VAL01B4582_001 1.000 1.000 1.000 1.000 1.000 1.000 1.000 1.000 1.000 1.000 1.000 1.000 1.000 1.000 1.000
SER01B4583_001 0.965 0.962 0.962 0.960 0.958 0.953 0.954 0.953 0.956 0.951 0.954 0.962 0.965 0.968 0.970
SER01B4583_002 0.035 0.038 0.038 0.040 0.042 0.047 0.046 0.047 0.044 0.049 0.046 0.038 0.035 0.032 0.030
ASP01B4584_001 0.000 0.001 0.000 0.000 0.000 0.000 0.000 0.000 0.000 0.000 0.000 0.000 0.000 0.000 0.000
ASP01B4584_002 0.033 0.036 0.033 0.030 0.025 0.006 0.000 0.000 0.000 0.000 0.000 0.000 0.000 0.000 0.000
ASP02B4584_003 0.051 0.051 0.052 0.047 0.035 0.010 0.002 0.000 0.000 0.000 0.000 0.000 0.000 0.000 0.000
ASP02B4584_004 0.917 0.913 0.911 0.886 0.661 0.191 0.027 0.003 0.000 0.000 0.000 0.000 0.000 0.000 0.000
ASP-1B4584_005 0.000 0.000 0.005 0.037 0.279 0.792 0.972 0.997 1.000 1.000 1.000 1.000 1.000 1.000 1.000
SER01B4585_001 0.116 0.116 0.118 0.115 0.122 0.136 0.144 0.141 0.145 0.143 0.142 0.132 0.122 0.123 0.121
SER01B4585_002 0.884 0.884 0.882 0.885 0.878 0.864 0.856 0.859 0.855 0.857 0.858 0.868 0.878 0.877 0.879
PRO01B4586_001 1.000 1.000 1.000 1.000 1.000 1.000 1.000 1.000 1.000 1.000 1.000 1.000 1.000 1.000 1.000
PRO01B4587_001 1.000 1.000 1.000 1.000 1.000 1.000 1.000 1.000 1.000 1.000 1.000 1.000 1.000 1.000 1.000
CTR01B4587_001 0.000 0.000 0.000 0.000 0.000 0.000 0.000 0.000 0.000 0.000 0.000 0.000 0.000 0.000 0.000
CTR01B4587_002 0.432 0.424 0.426 0.403 0.273 0.065 0.011 0.002 0.000 0.000 0.000 0.000 0.000 0.000 0.000
CTR02B4587_003 0.000 0.000 0.000 0.000 0.000 0.000 0.000 0.000 0.000 0.000 0.000 0.000 0.000 0.000 0.000
CTR02B4587_004 0.568 0.576 0.568 0.536 0.366 0.087 0.014 0.000 0.000 0.000 0.000 0.000 0.000 0.000 0.000
CTR-1B4587_005 0.000 0.000 0.006 0.061 0.360 0.848 0.975 0.998 1.000 1.000 1.000 1.000 1.000 1.000 1.000
NTR01B4626_001 0.000 0.000 0.000 0.000 0.000 0.002 0.012 0.112 0.545 0.921 0.991 0.998 1.000 1.000 1.000
NTR+1B4626_002 1.000 1.000 1.000 1.000 1.000 0.998 0.988 0.888 0.455 0.079 0.009 0.002 0.000 0.000 0.000
ASN01B4626_001 1.000 1.000 1.000 1.000 1.000 1.000 1.000 1.000 1.000 1.000 1.000 1.000 1.000 1.000 1.000
MET01B4627_001 1.000 1.000 1.000 1.000 1.000 1.000 1.000 1.000 1.000 1.000 1.000 1.000 1.000 1.000 1.000
VAL01B4628_001 1.000 1.000 1.000 1.000 1.000 1.000 1.000 1.000 1.000 1.000 1.000 1.000 1.000 1.000 1.000
TYR01B4629_001 1.000 1.000 1.000 1.000 1.000 1.000 1.000 0.999 0.992 0.943 0.662 0.193 0.027 0.005 0.000
TYR-1B4629_002 0.000 0.000 0.000 0.000 0.000 0.000 0.000 0.001 0.008 0.057 0.338 0.807 0.973 0.995 1.000
TYR01B4630_001 1.000 1.000 1.000 1.000 1.000 1.000 1.000 1.000 0.998 0.978 0.850 0.482 0.111 0.015 0.000
TYR-1B4630_002 0.000 0.000 0.000 0.000 0.000 0.000 0.000 0.000 0.002 0.022 0.150 0.518 0.889 0.985 1.000
PHE01B4631_001 1.000 1.000 1.000 1.000 1.000 1.000 1.000 1.000 1.000 1.000 1.000 1.000 1.000 1.000 1.000
LEU01B4632_001 1.000 1.000 1.000 1.000 1.000 1.000 1.000 1.000 1.000 1.000 1.000 1.000 1.000 1.000 1.000
GLU01B4633_001 0.001 0.001 0.001 0.000 0.000 0.001 0.000 0.000 0.000 0.000 0.000 0.000 0.000 0.000 0.000
GLU01B4633_002 0.203 0.204 0.204 0.211 0.201 0.176 0.119 0.028 0.004 0.000 0.000 0.000 0.000 0.000 0.000
GLU02B4633_003 0.047 0.046 0.047 0.048 0.044 0.032 0.019 0.004 0.000 0.000 0.000 0.000 0.000 0.000 0.000
GLU02B4633_004 0.749 0.748 0.748 0.737 0.710 0.564 0.316 0.074 0.010 0.000 0.000 0.000 0.000 0.000 0.000
GLU-1B4633_005 0.000 0.000 0.000 0.005 0.045 0.227 0.546 0.894 0.986 1.000 1.000 1.000 1.000 1.000 1.000
GLU01B4634_001 0.007 0.008 0.010 0.009 0.007 0.000 0.001 0.000 0.000 0.000 0.000 0.000 0.000 0.000 0.000
GLU01B4634_002 0.422 0.419 0.411 0.410 0.380 0.234 0.070 0.009 0.001 0.000 0.000 0.000 0.000 0.000 0.000
GLU02B4634_003 0.007 0.007 0.007 0.007 0.007 0.005 0.001 0.000 0.000 0.000 0.000 0.000 0.000 0.000 0.000
GLU02B4634_004 0.564 0.566 0.573 0.564 0.524 0.337 0.098 0.013 0.002 0.000 0.000 0.000 0.000 0.000 0.000
GLU-1B4634_005 0.000 0.000 0.000 0.010 0.081 0.423 0.829 0.978 0.997 1.000 1.000 1.000 1.000 1.000 1.000
SER01B4635_001 1.000 1.000 1.000 1.000 1.000 1.000 1.000 1.000 1.000 1.000 1.000 1.000 1.000 1.000 1.000
THR01B4636_001 0.008 0.010 0.010 0.008 0.011 0.019 0.027 0.035 0.034 0.036 0.029 0.015 0.008 0.009 0.007
THR01B4636_002 0.382 0.379 0.382 0.381 0.371 0.288 0.199 0.166 0.166 0.168 0.150 0.105 0.085 0.077 0.079
THR01B4636_003 0.610 0.611 0.608 0.610 0.618 0.693 0.774 0.799 0.800 0.796 0.820 0.881 0.907 0.914 0.914
TYR01B4638_001 0.610 0.605 0.607 0.607 0.596 0.559 0.517 0.489 0.486 0.483 0.393 0.152 0.021 0.003 0.000
TYR01B4638_002 0.390 0.395 0.393 0.393 0.404 0.441 0.483 0.511 0.510 0.489 0.406 0.158 0.023 0.003 0.001
TYR-1B4638_003 0.000 0.000 0.000 0.000 0.000 0.000 0.000 0.000 0.003 0.027 0.201 0.690 0.956 0.994 0.999
MET01B4639_001 1.000 1.000 1.000 1.000 1.000 1.000 1.000 1.000 1.000 1.000 1.000 1.000 1.000 1.000 1.000
GLU01B4640_001 0.000 0.003 0.003 0.002 0.000 0.000 0.000 0.000 0.000 0.000 0.000 0.000 0.000 0.000 0.000
GLU01B4640_002 0.298 0.300 0.298 0.304 0.277 0.195 0.071 0.015 0.002 0.000 0.000 0.000 0.000 0.000 0.000
GLU02B4640_003 0.035 0.035 0.035 0.038 0.034 0.025 0.010 0.001 0.000 0.000 0.000 0.000 0.000 0.000 0.000
GLU02B4640_004 0.667 0.662 0.664 0.648 0.619 0.474 0.195 0.039 0.005 0.000 0.000 0.000 0.000 0.000 0.000
GLU-1B4640_005 0.000 0.000 0.000 0.008 0.070 0.306 0.725 0.944 0.993 0.999 1.000 1.000 1.000 1.000 1.000
PRO01B4641_001 1.000 1.000 1.000 1.000 1.000 1.000 1.000 1.000 1.000 1.000 1.000 1.000 1.000 1.000 1.000
ALA01B4642_001 1.000 1.000 1.000 1.000 1.000 1.000 1.000 1.000 1.000 1.000 1.000 1.000 1.000 1.000 1.000
LEU01B4643_001 1.000 1.000 1.000 1.000 1.000 1.000 1.000 1.000 1.000 1.000 1.000 1.000 1.000 1.000 1.000
TRP01B4644_001 1.000 1.000 1.000 1.000 1.000 1.000 1.000 1.000 1.000 1.000 1.000 1.000 1.000 1.000 1.000
CYS01B4645_001 0.295 0.293 0.297 0.295 0.291 0.293 0.291 0.289 0.281 0.230 0.080 0.011 0.003 0.000 0.000
CYS01B4645_002 0.406 0.405 0.408 0.399 0.405 0.408 0.408 0.413 0.405 0.327 0.115 0.018 0.003 0.000 0.000
CYS01B4645_003 0.299 0.302 0.296 0.306 0.305 0.299 0.301 0.294 0.281 0.224 0.079 0.013 0.003 0.000 0.000
CYS-1B4645_004 0.000 0.000 0.000 0.000 0.000 0.000 0.000 0.004 0.033 0.219 0.726 0.958 0.992 1.000 1.000
LEU01B4646_001 1.000 1.000 1.000 1.000 1.000 1.000 1.000 1.000 1.000 1.000 1.000 1.000 1.000 1.000 1.000
SER01B4647_001 0.458 0.451 0.451 0.450 0.473 0.490 0.494 0.496 0.501 0.511 0.579 0.602 0.604 0.594 0.586
SER01B4647_002 0.001 0.000 0.000 0.000 0.001 0.003 0.005 0.027 0.074 0.089 0.084 0.076 0.075 0.074 0.071
SER01B4647_003 0.542 0.549 0.549 0.550 0.526 0.507 0.502 0.476 0.425 0.400 0.336 0.322 0.321 0.332 0.342
LEU01B4648_001 1.000 1.000 1.000 1.000 1.000 1.000 1.000 1.000 1.000 1.000 1.000 1.000 1.000 1.000 1.000
LEU01B4649_001 1.000 1.000 1.000 1.000 1.000 1.000 1.000 1.000 1.000 1.000 1.000 1.000 1.000 1.000 1.000
HIS01B4650_001 0.000 0.000 0.000 0.000 0.000 0.000 0.000 0.000 0.000 0.000 0.000 0.000 0.000 0.000 0.000
HIS02B4650_002 1.000 1.000 1.000 1.000 1.000 1.000 1.000 1.000 1.000 1.000 1.000 1.000 1.000 1.000 1.000
HIS+1B4650_003 0.000 0.000 0.000 0.000 0.000 0.000 0.000 0.000 0.000 0.000 0.000 0.000 0.000 0.000 0.000
THR01B4651_001 1.000 1.000 1.000 1.000 1.000 1.000 1.000 1.000 1.000 1.000 1.000 1.000 1.000 1.000 1.000
LEU01B4652_001 1.000 1.000 1.000 1.000 1.000 1.000 1.000 1.000 1.000 1.000 1.000 1.000 1.000 1.000 1.000
VAL01B4653_001 1.000 1.000 1.000 1.000 1.000 1.000 1.000 1.000 1.000 1.000 1.000 1.000 1.000 1.000 1.000
ALA01B4654_001 1.000 1.000 1.000 1.000 1.000 1.000 1.000 1.000 1.000 1.000 1.000 1.000 1.000 1.000 1.000
PHE01B4655_001 1.000 1.000 1.000 1.000 1.000 1.000 1.000 1.000 1.000 1.000 1.000 1.000 1.000 1.000 1.000
LEU01B4656_001 1.000 1.000 1.000 1.000 1.000 1.000 1.000 1.000 1.000 1.000 1.000 1.000 1.000 1.000 1.000
CYS01B4657_001 0.236 0.241 0.240 0.242 0.222 0.211 0.204 0.191 0.162 0.144 0.151 0.158 0.164 0.169 0.155
CYS01B4657_002 0.504 0.501 0.505 0.496 0.500 0.487 0.484 0.471 0.442 0.426 0.419 0.417 0.409 0.397 0.376
CYS01B4657_003 0.259 0.258 0.256 0.262 0.278 0.302 0.313 0.337 0.396 0.430 0.430 0.425 0.427 0.428 0.449
CYS-1B4657_004 0.000 0.000 0.000 0.000 0.000 0.000 0.000 0.000 0.000 0.000 0.000 0.000 0.000 0.006 0.020
ILE01B4658_001 1.000 1.000 1.000 1.000 1.000 1.000 1.000 1.000 1.000 1.000 1.000 1.000 1.000 1.000 1.000
ILE01B4659_001 1.000 1.000 1.000 1.000 1.000 1.000 1.000 1.000 1.000 1.000 1.000 1.000 1.000 1.000 1.000
TYR01B4661_001 1.000 1.000 1.000 1.000 1.000 1.000 1.000 0.999 0.993 0.945 0.703 0.312 0.095 0.018 0.002
TYR-1B4661_002 0.000 0.000 0.000 0.000 0.000 0.000 0.000 0.001 0.007 0.055 0.297 0.688 0.905 0.982 0.998
ASN01B4662_001 0.868 0.870 0.869 0.869 0.856 0.828 0.802 0.795 0.792 0.796 0.783 0.774 0.780 0.789 0.783
ASN01B4662_002 0.132 0.130 0.131 0.131 0.144 0.172 0.198 0.205 0.208 0.204 0.217 0.226 0.220 0.211 0.217
CYS01B4663_001 0.527 0.523 0.527 0.536 0.525 0.532 0.535 0.532 0.523 0.521 0.487 0.387 0.176 0.038 0.004
CYS01B4663_002 0.250 0.253 0.245 0.244 0.251 0.251 0.248 0.250 0.257 0.250 0.258 0.201 0.093 0.020 0.003
CYS01B4663_003 0.223 0.224 0.228 0.220 0.223 0.217 0.217 0.217 0.219 0.223 0.215 0.174 0.082 0.016 0.002
CYS-1B4663_004 0.000 0.000 0.000 0.000 0.000 0.000 0.000 0.000 0.000 0.006 0.039 0.238 0.649 0.925 0.992
LEU01B4664_001 1.000 1.000 1.000 1.000 1.000 1.000 1.000 1.000 1.000 1.000 1.000 1.000 1.000 1.000 1.000
LYS01B4665_001 0.000 0.000 0.000 0.000 0.000 0.000 0.000 0.000 0.002 0.011 0.066 0.233 0.634 0.931 0.991
LYS+1B4665_002 1.000 1.000 1.000 1.000 1.000 1.000 1.000 1.000 0.998 0.989 0.934 0.767 0.366 0.069 0.009
CTR01B4665_001 0.000 0.002 0.001 0.000 0.001 0.000 0.000 0.000 0.000 0.000 0.000 0.000 0.000 0.000 0.000
CTR01B4665_002 0.469 0.469 0.466 0.459 0.385 0.180 0.032 0.004 0.000 0.000 0.000 0.000 0.000 0.000 0.000
CTR02B4665_003 0.003 0.004 0.004 0.000 0.002 0.001 0.000 0.000 0.000 0.000 0.000 0.000 0.000 0.000 0.000
CTR02B4665_004 0.528 0.525 0.529 0.517 0.437 0.208 0.036 0.004 0.000 0.000 0.000 0.000 0.000 0.000 0.000
CTR-1B4665_005 0.000 0.000 0.000 0.024 0.174 0.611 0.931 0.992 1.000 1.000 1.000 1.000 1.000 1.000 1.000
NTG01B4693_001 0.000 0.000 0.000 0.000 0.000 0.000 0.015 0.128 0.591 0.936 0.993 1.000 1.000 1.000 1.000
NTG+1B4693_002 1.000 1.000 1.000 1.000 1.000 1.000 0.985 0.872 0.409 0.064 0.007 0.000 0.000 0.000 0.000
ASP01B4694_001 0.013 0.013 0.012 0.012 0.008 0.001 0.000 0.000 0.000 0.000 0.000 0.000 0.000 0.000 0.000
ASP01B4694_002 0.364 0.365 0.355 0.322 0.192 0.048 0.005 0.001 0.000 0.000 0.000 0.000 0.000 0.000 0.000
ASP02B4694_003 0.035 0.038 0.034 0.034 0.020 0.005 0.001 0.000 0.000 0.000 0.000 0.000 0.000 0.000 0.000
ASP02B4694_004 0.588 0.584 0.586 0.521 0.309 0.074 0.009 0.000 0.000 0.000 0.000 0.000 0.000 0.000 0.000
ASP-1B4694_005 0.000 0.000 0.013 0.111 0.470 0.872 0.985 0.999 1.000 1.000 1.000 1.000 1.000 1.000 1.000
CTR01B4694_001 0.003 0.004 0.004 0.003 0.000 0.000 0.000 0.000 0.000 0.000 0.000 0.000 0.000 0.000 0.000
CTR01B4694_002 0.402 0.403 0.395 0.333 0.163 0.031 0.005 0.000 0.000 0.000 0.000 0.000 0.000 0.000 0.000
CTR02B4694_003 0.000 0.000 0.000 0.000 0.000 0.000 0.000 0.000 0.000 0.000 0.000 0.000 0.000 0.000 0.000
CTR02B4694_004 0.595 0.593 0.579 0.489 0.224 0.044 0.006 0.000 0.000 0.000 0.000 0.000 0.000 0.000 0.000
CTR-1B4694_005 0.000 0.000 0.021 0.175 0.613 0.924 0.990 1.000 1.000 1.000 1.000 1.000 1.000 1.000 1.000
NTR01B4716_001 1.000 1.000 1.000 1.000 1.000 1.000 1.000 1.000 1.000 1.000 1.000 1.000 1.000 1.000 1.000
NTR+1B4716_002 0.000 0.000 0.000 0.000 0.000 0.000 0.000 0.000 0.000 0.000 0.000 0.000 0.000 0.000 0.000
CTR01B4716_001 0.013 0.013 0.014 0.012 0.005 0.001 0.000 0.000 0.000 0.000 0.000 0.000 0.000 0.000 0.000
CTR01B4716_002 0.380 0.374 0.369 0.304 0.141 0.028 0.003 0.001 0.000 0.000 0.000 0.000 0.000 0.000 0.000
CTR02B4716_003 0.004 0.004 0.004 0.004 0.000 0.000 0.000 0.000 0.000 0.000 0.000 0.000 0.000 0.000 0.000
CTR02B4716_004 0.603 0.606 0.593 0.507 0.230 0.043 0.006 0.001 0.000 0.000 0.000 0.000 0.000 0.000 0.000
CTR-1B4716_005 0.000 0.002 0.021 0.173 0.624 0.928 0.991 0.998 1.000 1.000 1.000 1.000 1.000 1.000 1.000
TRP01B4716_001 1.000 1.000 1.000 1.000 1.000 1.000 1.000 1.000 1.000 1.000 1.000 1.000 1.000 1.000 1.000
NTR01B4755_001 0.000 0.000 0.000 0.000 0.000 0.003 0.018 0.140 0.594 0.930 0.989 1.000 1.000 1.000 1.000
NTR+1B4755_002 1.000 1.000 1.000 1.000 1.000 0.997 0.982 0.860 0.406 0.070 0.011 0.000 0.000 0.000 0.000
GLU01B4755_001 0.010 0.010 0.011 0.012 0.008 0.000 0.000 0.000 0.000 0.000 0.000 0.000 0.000 0.000 0.000
GLU01B4755_002 0.413 0.415 0.409 0.399 0.301 0.110 0.020 0.003 0.000 0.000 0.000 0.000 0.000 0.000 0.000
GLU02B4755_003 0.013 0.012 0.013 0.012 0.009 0.000 0.000 0.000 0.000 0.000 0.000 0.000 0.000 0.000 0.000
GLU02B4755_004 0.564 0.562 0.561 0.526 0.398 0.147 0.026 0.002 0.000 0.000 0.000 0.000 0.000 0.000 0.000
GLU-1B4755_005 0.000 0.000 0.006 0.052 0.284 0.742 0.954 0.995 1.000 1.000 1.000 1.000 1.000 1.000 1.000
ARG01B4756_001 0.000 0.000 0.000 0.000 0.000 0.000 0.000 0.000 0.000 0.000 0.000 0.000 0.000 0.000 0.000
ARG02B4756_002 0.000 0.000 0.000 0.000 0.000 0.000 0.000 0.000 0.000 0.000 0.000 0.000 0.000 0.000 0.000
ARG03B4756_003 0.000 0.000 0.000 0.000 0.000 0.000 0.000 0.000 0.000 0.000 0.000 0.000 0.000 0.000 0.000
ARG03B4756_004 1.000 1.000 1.000 1.000 1.000 1.000 1.000 1.000 1.000 1.000 1.000 1.000 1.000 1.000 1.000
ARG+1B4756_005 0.000 0.000 0.000 0.000 0.000 0.000 0.000 0.000 0.000 0.000 0.000 0.000 0.000 0.000 0.000
LYS01B4757_001 0.000 0.000 0.000 0.000 0.000 0.000 0.000 0.000 0.001 0.009 0.070 0.429 0.878 0.985 0.999
LYS+1B4757_002 1.000 1.000 1.000 1.000 1.000 1.000 1.000 1.000 0.999 0.991 0.930 0.571 0.122 0.015 0.001
PRO01B4758_001 1.000 1.000 1.000 1.000 1.000 1.000 1.000 1.000 1.000 1.000 1.000 1.000 1.000 1.000 1.000
ASP01B4759_001 0.000 0.000 0.000 0.000 0.000 0.000 0.000 0.000 0.000 0.000 0.000 0.000 0.000 0.000 0.000
ASP01B4759_002 0.000 0.000 0.000 0.000 0.000 0.000 0.000 0.000 0.000 0.000 0.000 0.000 0.000 0.000 0.000
ASP02B4759_003 0.051 0.049 0.049 0.044 0.027 0.008 0.000 0.000 0.000 0.000 0.000 0.000 0.000 0.000 0.000
ASP02B4759_004 0.949 0.951 0.941 0.868 0.531 0.125 0.022 0.002 0.000 0.000 0.000 0.000 0.000 0.000 0.000
ASP-1B4759_005 0.000 0.000 0.010 0.088 0.442 0.867 0.978 0.998 1.000 1.000 1.000 1.000 1.000 1.000 1.000
PRO01B4760_001 1.000 1.000 1.000 1.000 1.000 1.000 1.000 1.000 1.000 1.000 1.000 1.000 1.000 1.000 1.000
PRO01B4761_001 1.000 1.000 1.000 1.000 1.000 1.000 1.000 1.000 1.000 1.000 1.000 1.000 1.000 1.000 1.000
PRO01B4762_001 1.000 1.000 1.000 1.000 1.000 1.000 1.000 1.000 1.000 1.000 1.000 1.000 1.000 1.000 1.000
LEU01B4764_001 1.000 1.000 1.000 1.000 1.000 1.000 1.000 1.000 1.000 1.000 1.000 1.000 1.000 1.000 1.000
LEU01B4765_001 1.000 1.000 1.000 1.000 1.000 1.000 1.000 1.000 1.000 1.000 1.000 1.000 1.000 1.000 1.000
THR01B4766_001 0.994 0.995 0.994 0.995 0.994 0.995 0.994 1.000 0.995 0.995 0.995 0.994 0.995 0.995 0.995
THR01B4766_002 0.006 0.005 0.006 0.005 0.006 0.005 0.006 0.000 0.005 0.005 0.005 0.006 0.005 0.005 0.005
TRP01B4767_001 1.000 1.000 1.000 1.000 1.000 1.000 1.000 1.000 1.000 1.000 1.000 1.000 1.000 1.000 1.000
LEU01B4768_001 1.000 1.000 1.000 1.000 1.000 1.000 1.000 1.000 1.000 1.000 1.000 1.000 1.000 1.000 1.000
MET01B4769_001 1.000 1.000 1.000 1.000 1.000 1.000 1.000 1.000 1.000 1.000 1.000 1.000 1.000 1.000 1.000
SER01B4770_001 1.000 1.000 1.000 1.000 1.000 1.000 1.000 1.000 1.000 1.000 1.000 1.000 1.000 1.000 1.000
ILE01B4771_001 1.000 1.000 1.000 1.000 1.000 1.000 1.000 1.000 1.000 1.000 1.000 1.000 1.000 1.000 1.000
ASP01B4772_001 0.008 0.000 0.008 0.007 0.005 0.002 0.000 0.000 0.000 0.000 0.000 0.000 0.000 0.000 0.000
ASP01B4772_002 0.234 0.237 0.227 0.206 0.130 0.039 0.005 0.000 0.000 0.000 0.000 0.000 0.000 0.000 0.000
ASP02B4772_003 0.036 0.037 0.036 0.036 0.021 0.006 0.001 0.000 0.000 0.000 0.000 0.000 0.000 0.000 0.000
ASP02B4772_004 0.722 0.725 0.717 0.649 0.382 0.115 0.016 0.004 0.000 0.000 0.000 0.000 0.000 0.000 0.000
ASP-1B4772_005 0.000 0.000 0.011 0.102 0.462 0.838 0.978 0.996 1.000 1.000 1.000 1.000 1.000 1.000 1.000
CTR01B4772_001 0.000 0.000 0.003 0.003 0.002 0.000 0.000 0.000 0.000 0.000 0.000 0.000 0.000 0.000 0.000
CTR01B4772_002 0.285 0.287 0.285 0.280 0.196 0.072 0.015 0.000 0.000 0.000 0.000 0.000 0.000 0.000 0.000
CTR02B4772_003 0.015 0.015 0.016 0.014 0.010 0.005 0.000 0.000 0.000 0.000 0.000 0.000 0.000 0.000 0.000
CTR02B4772_004 0.700 0.698 0.689 0.640 0.460 0.157 0.028 0.005 0.000 0.000 0.000 0.000 0.000 0.000 0.000
CTR-1B4772_005 0.000 0.000 0.007 0.063 0.332 0.765 0.957 0.995 1.000 1.000 1.000 1.000 1.000 1.000 1.000
NTR01B4790_001 0.000 0.000 0.000 0.007 0.052 0.275 0.754 0.966 0.996 1.000 1.000 1.000 1.000 1.000 1.000
NTR+1B4790_002 1.000 1.000 1.000 0.993 0.948 0.725 0.246 0.034 0.004 0.000 0.000 0.000 0.000 0.000 0.000
LEU01B4790_001 1.000 1.000 1.000 1.000 1.000 1.000 1.000 1.000 1.000 1.000 1.000 1.000 1.000 1.000 1.000
TYR01B4791_001 0.842 0.838 0.841 0.838 0.816 0.777 0.749 0.742 0.729 0.710 0.690 0.673 0.623 0.497 0.173
TYR01B4791_002 0.158 0.162 0.159 0.162 0.184 0.223 0.251 0.258 0.271 0.290 0.309 0.323 0.350 0.300 0.187
TYR-1B4791_003 0.000 0.000 0.000 0.000 0.000 0.000 0.000 0.000 0.000 0.000 0.001 0.004 0.027 0.204 0.640
LEU01B4792_001 1.000 1.000 1.000 1.000 1.000 1.000 1.000 1.000 1.000 1.000 1.000 1.000 1.000 1.000 1.000
TRP01B4794_001 1.000 1.000 1.000 1.000 1.000 1.000 1.000 1.000 1.000 1.000 1.000 1.000 1.000 1.000 1.000
TYR01B4795_001 0.005 0.004 0.004 0.005 0.018 0.031 0.037 0.044 0.061 0.079 0.085 0.078 0.081 0.078 0.076
TYR01B4795_002 0.995 0.996 0.996 0.995 0.982 0.969 0.963 0.956 0.939 0.921 0.915 0.922 0.919 0.922 0.924
TYR-1B4795_003 0.000 0.000 0.000 0.000 0.000 0.000 0.000 0.000 0.000 0.000 0.000 0.000 0.000 0.000 0.000
MET01B4796_001 1.000 1.000 1.000 1.000 1.000 1.000 1.000 1.000 1.000 1.000 1.000 1.000 1.000 1.000 1.000
VAL01B4797_001 1.000 1.000 1.000 1.000 1.000 1.000 1.000 1.000 1.000 1.000 1.000 1.000 1.000 1.000 1.000
MET01B4798_001 1.000 1.000 1.000 1.000 1.000 1.000 1.000 1.000 1.000 1.000 1.000 1.000 1.000 1.000 1.000
SER01B4799_001 0.000 0.000 0.000 0.000 0.006 0.012 0.018 0.021 0.023 0.025 0.024 0.025 0.022 0.023 0.021
SER01B4799_002 0.006 0.007 0.010 0.010 0.270 0.576 0.729 0.733 0.766 0.793 0.807 0.802 0.812 0.822 0.827
SER01B4799_003 0.994 0.993 0.990 0.990 0.724 0.412 0.253 0.246 0.211 0.182 0.169 0.173 0.165 0.155 0.153
LEU01B4800_001 1.000 1.000 1.000 1.000 1.000 1.000 1.000 1.000 1.000 1.000 1.000 1.000 1.000 1.000 1.000
LEU01B4801_001 1.000 1.000 1.000 1.000 1.000 1.000 1.000 1.000 1.000 1.000 1.000 1.000 1.000 1.000 1.000
HIS01B4803_001 0.000 0.000 0.000 0.000 0.000 0.000 0.003 0.020 0.060 0.076 0.076 0.077 0.075 0.072 0.066
HIS01B4803_002 0.000 0.000 0.000 0.000 0.000 0.010 0.018 0.109 0.287 0.401 0.433 0.431 0.443 0.438 0.454
HIS02B4803_003 0.000 0.000 0.000 0.000 0.000 0.000 0.003 0.022 0.055 0.072 0.077 0.083 0.083 0.084 0.088
HIS02B4803_004 0.000 0.000 0.000 0.000 0.005 0.013 0.021 0.123 0.324 0.404 0.414 0.409 0.399 0.405 0.391
HIS+1B4803_005 0.194 0.193 0.191 0.191 0.191 0.189 0.175 0.136 0.051 0.010 0.000 0.000 0.000 0.000 0.000
HIS+1B4803_006 0.806 0.807 0.809 0.809 0.805 0.788 0.780 0.591 0.224 0.037 0.000 0.000 0.000 0.000 0.000
TYR01B4804_001 1.000 1.000 1.000 1.000 1.000 1.000 1.000 1.000 0.993 0.949 0.678 0.186 0.023 0.003 0.000
TYR-1B4804_002 0.000 0.000 0.000 0.000 0.000 0.000 0.000 0.000 0.007 0.051 0.322 0.814 0.977 0.997 1.000
ASN01B4805_001 0.953 0.952 0.956 0.954 0.949 0.948 0.947 0.944 0.942 0.936 0.929 0.929 0.931 0.911 0.870
ASN01B4805_002 0.047 0.048 0.044 0.046 0.051 0.052 0.053 0.056 0.058 0.064 0.071 0.071 0.069 0.089 0.130
ASN01B4806_001 0.052 0.048 0.050 0.050 0.054 0.054 0.056 0.058 0.061 0.063 0.068 0.085 0.084 0.080 0.075
ASN01B4806_002 0.948 0.952 0.950 0.950 0.946 0.946 0.944 0.942 0.939 0.937 0.932 0.915 0.916 0.920 0.925
PHE01B4807_001 1.000 1.000 1.000 1.000 1.000 1.000 1.000 1.000 1.000 1.000 1.000 1.000 1.000 1.000 1.000
PHE01B4808_001 1.000 1.000 1.000 1.000 1.000 1.000 1.000 1.000 1.000 1.000 1.000 1.000 1.000 1.000 1.000
PHE01B4809_001 1.000 1.000 1.000 1.000 1.000 1.000 1.000 1.000 1.000 1.000 1.000 1.000 1.000 1.000 1.000
ALA01B4810_001 1.000 1.000 1.000 1.000 1.000 1.000 1.000 1.000 1.000 1.000 1.000 1.000 1.000 1.000 1.000
ALA01B4811_001 1.000 1.000 1.000 1.000 1.000 1.000 1.000 1.000 1.000 1.000 1.000 1.000 1.000 1.000 1.000
HIS01B4812_001 0.000 0.000 0.000 0.016 0.070 0.168 0.224 0.231 0.202 0.218 0.209 0.217 0.210 0.197 0.194
HIS02B4812_002 0.000 0.000 0.005 0.000 0.255 0.555 0.705 0.709 0.747 0.772 0.789 0.783 0.790 0.803 0.806
HIS+1B4812_003 1.000 1.000 0.995 0.984 0.674 0.277 0.072 0.059 0.050 0.010 0.002 0.000 0.000 0.000 0.000
LEU01B4813_001 1.000 1.000 1.000 1.000 1.000 1.000 1.000 1.000 1.000 1.000 1.000 1.000 1.000 1.000 1.000
LEU01B4814_001 1.000 1.000 1.000 1.000 1.000 1.000 1.000 1.000 1.000 1.000 1.000 1.000 1.000 1.000 1.000
ASP01B4815_001 0.000 0.000 0.000 0.000 0.000 0.000 0.000 0.000 0.000 0.000 0.000 0.000 0.000 0.000 0.000
ASP01B4815_002 0.022 0.023 0.022 0.022 0.020 0.021 0.018 0.015 0.006 0.000 0.000 0.000 0.000 0.000 0.000
ASP02B4815_003 0.014 0.014 0.013 0.014 0.011 0.011 0.008 0.006 0.003 0.000 0.000 0.000 0.000 0.000 0.000
ASP02B4815_004 0.964 0.963 0.965 0.964 0.961 0.947 0.935 0.802 0.359 0.075 0.015 0.000 0.001 0.000 0.000
ASP-1B4815_005 0.000 0.000 0.000 0.001 0.009 0.021 0.038 0.178 0.632 0.925 0.985 1.000 0.999 1.000 1.000
ILE01B4816_001 1.000 1.000 1.000 1.000 1.000 1.000 1.000 1.000 1.000 1.000 1.000 1.000 1.000 1.000 1.000
ALA01B4817_001 1.000 1.000 1.000 1.000 1.000 1.000 1.000 1.000 1.000 1.000 1.000 1.000 1.000 1.000 1.000
MET01B4818_001 1.000 1.000 1.000 1.000 1.000 1.000 1.000 1.000 1.000 1.000 1.000 1.000 1.000 1.000 1.000
CTR01B4818_001 0.010 0.009 0.009 0.009 0.006 0.002 0.000 0.000 0.000 0.000 0.000 0.000 0.000 0.000 0.000
CTR01B4818_002 0.432 0.437 0.436 0.411 0.303 0.094 0.016 0.002 0.000 0.000 0.000 0.000 0.000 0.000 0.000
CTR02B4818_003 0.000 0.000 0.000 0.000 0.000 0.000 0.000 0.000 0.000 0.000 0.000 0.000 0.000 0.000 0.000
CTR02B4818_004 0.558 0.553 0.550 0.534 0.395 0.136 0.022 0.003 0.000 0.000 0.000 0.000 0.000 0.000 0.000
CTR-1B4818_005 0.000 0.000 0.005 0.046 0.295 0.768 0.961 0.995 1.000 1.000 1.000 1.000 1.000 1.000 1.000
NTR01B4849_001 0.000 0.004 0.040 0.263 0.721 0.950 0.992 1.000 1.000 1.000 1.000 1.000 1.000 1.000 1.000
NTR+1B4849_002 1.000 0.996 0.960 0.737 0.279 0.050 0.008 0.000 0.000 0.000 0.000 0.000 0.000 0.000 0.000
TYR01B4849_001 1.000 1.000 1.000 1.000 1.000 1.000 1.000 0.999 0.985 0.882 0.447 0.085 0.011 0.001 0.000
TYR-1B4849_002 0.000 0.000 0.000 0.000 0.000 0.000 0.000 0.001 0.015 0.118 0.553 0.915 0.989 0.999 1.000
LEU01B4850_001 1.000 1.000 1.000 1.000 1.000 1.000 1.000 1.000 1.000 1.000 1.000 1.000 1.000 1.000 1.000
TYR01B4851_001 1.000 1.000 1.000 1.000 1.000 1.000 1.000 0.996 0.967 0.786 0.344 0.067 0.011 0.001 0.000
TYR-1B4851_002 0.000 0.000 0.000 0.000 0.000 0.000 0.000 0.004 0.033 0.214 0.656 0.933 0.989 0.999 1.000
THR01B4852_001 0.884 0.884 0.884 0.862 0.816 0.800 0.813 0.825 0.844 0.847 0.841 0.816 0.798 0.741 0.606
THR01B4852_002 0.038 0.040 0.042 0.059 0.095 0.106 0.099 0.093 0.082 0.080 0.080 0.078 0.072 0.064 0.059
THR01B4852_003 0.077 0.076 0.074 0.079 0.089 0.095 0.088 0.082 0.074 0.073 0.079 0.106 0.130 0.195 0.335
VAL01B4853_001 1.000 1.000 1.000 1.000 1.000 1.000 1.000 1.000 1.000 1.000 1.000 1.000 1.000 1.000 1.000
VAL01B4854_001 1.000 1.000 1.000 1.000 1.000 1.000 1.000 1.000 1.000 1.000 1.000 1.000 1.000 1.000 1.000
ALA01B4855_001 1.000 1.000 1.000 1.000 1.000 1.000 1.000 1.000 1.000 1.000 1.000 1.000 1.000 1.000 1.000
PHE01B4856_001 1.000 1.000 1.000 1.000 1.000 1.000 1.000 1.000 1.000 1.000 1.000 1.000 1.000 1.000 1.000
ASN01B4857_001 0.984 0.983 0.984 0.982 0.982 0.981 0.980 0.978 0.979 0.978 0.979 0.978 0.978 0.978 0.970
ASN01B4857_002 0.016 0.017 0.016 0.018 0.018 0.019 0.020 0.022 0.021 0.022 0.021 0.022 0.022 0.022 0.030
PHE01B4858_001 1.000 1.000 1.000 1.000 1.000 1.000 1.000 1.000 1.000 1.000 1.000 1.000 1.000 1.000 1.000
PHE01B4859_001 1.000 1.000 1.000 1.000 1.000 1.000 1.000 1.000 1.000 1.000 1.000 1.000 1.000 1.000 1.000
ARG01B4860_001 0.000 0.000 0.000 0.000 0.000 0.000 0.000 0.000 0.000 0.000 0.000 0.000 0.014 0.097 0.432
ARG02B4860_002 0.000 0.000 0.000 0.000 0.000 0.000 0.000 0.000 0.000 0.000 0.000 0.000 0.002 0.011 0.047
ARG03B4860_003 0.000 0.000 0.000 0.000 0.000 0.000 0.000 0.000 0.000 0.000 0.000 0.000 0.000 0.006 0.027
ARG+1B4860_004 1.000 1.000 1.000 1.000 1.000 1.000 1.000 1.000 1.000 1.000 1.000 1.000 0.984 0.886 0.494
LYS01B4861_001 0.000 0.000 0.000 0.000 0.000 0.000 0.000 0.002 0.007 0.037 0.184 0.581 0.908 0.985 1.000
LYS+1B4861_002 1.000 1.000 1.000 1.000 1.000 1.000 1.000 0.998 0.993 0.963 0.816 0.419 0.092 0.015 0.000
PHE01B4862_001 1.000 1.000 1.000 1.000 1.000 1.000 1.000 1.000 1.000 1.000 1.000 1.000 1.000 1.000 1.000
TYR01B4863_001 0.447 0.448 0.462 0.463 0.458 0.443 0.424 0.435 0.423 0.420 0.438 0.435 0.432 0.406 0.331
TYR01B4863_002 0.553 0.552 0.538 0.537 0.542 0.557 0.576 0.565 0.577 0.580 0.562 0.565 0.555 0.531 0.463
TYR-1B4863_003 0.000 0.000 0.000 0.000 0.000 0.000 0.000 0.000 0.000 0.000 0.000 0.000 0.013 0.063 0.206
ASN01B4864_001 0.056 0.058 0.072 0.153 0.283 0.359 0.383 0.391 0.378 0.298 0.240 0.193 0.165 0.159 0.160
ASN01B4864_002 0.944 0.942 0.928 0.847 0.717 0.641 0.617 0.609 0.622 0.702 0.760 0.807 0.835 0.841 0.840
LYS01B4865_001 0.000 0.000 0.000 0.000 0.000 0.001 0.006 0.038 0.182 0.542 0.867 0.954 0.976 0.992 1.000
LYS+1B4865_002 1.000 1.000 1.000 1.000 1.000 0.999 0.994 0.962 0.818 0.458 0.133 0.046 0.024 0.008 0.000
SER01B4866_001 0.795 0.795 0.796 0.795 0.800 0.805 0.807 0.803 0.808 0.799 0.790 0.786 0.789 0.787 0.788
SER01B4866_002 0.205 0.205 0.204 0.205 0.200 0.195 0.193 0.197 0.192 0.201 0.210 0.214 0.211 0.213 0.212
GLU01B4867_001 0.006 0.008 0.008 0.009 0.011 0.010 0.013 0.014 0.012 0.004 0.000 0.000 0.000 0.000 0.000
GLU01B4867_002 0.217 0.221 0.228 0.233 0.251 0.307 0.344 0.334 0.180 0.051 0.006 0.001 0.000 0.000 0.000
GLU02B4867_003 0.015 0.016 0.014 0.016 0.014 0.010 0.009 0.006 0.004 0.000 0.000 0.000 0.000 0.000 0.000
GLU02B4867_004 0.763 0.755 0.750 0.742 0.724 0.666 0.608 0.507 0.249 0.066 0.010 0.000 0.000 0.000 0.000
GLU-1B4867_005 0.000 0.000 0.000 0.000 0.000 0.007 0.027 0.139 0.556 0.880 0.984 0.999 1.000 1.000 1.000
ASP01B4868_001 0.023 0.024 0.022 0.022 0.011 0.004 0.001 0.000 0.000 0.000 0.000 0.000 0.000 0.000 0.000
ASP01B4868_002 0.642 0.637 0.628 0.535 0.290 0.095 0.027 0.003 0.000 0.000 0.000 0.000 0.000 0.000 0.000
ASP02B4868_003 0.014 0.017 0.017 0.013 0.006 0.003 0.000 0.000 0.000 0.000 0.000 0.000 0.000 0.000 0.000
ASP02B4868_004 0.321 0.322 0.313 0.266 0.140 0.049 0.000 0.001 0.000 0.000 0.000 0.000 0.000 0.000 0.000
ASP-1B4868_005 0.000 0.000 0.021 0.165 0.553 0.849 0.973 0.996 1.000 1.000 1.000 1.000 1.000 1.000 1.000
GLU01B4869_001 0.007 0.007 0.007 0.007 0.007 0.003 0.001 0.000 0.000 0.000 0.000 0.000 0.000 0.000 0.000
GLU01B4869_002 0.277 0.283 0.277 0.270 0.216 0.102 0.019 0.004 0.000 0.000 0.000 0.000 0.000 0.000 0.000
GLU02B4869_003 0.039 0.042 0.040 0.037 0.031 0.013 0.004 0.000 0.000 0.000 0.000 0.000 0.000 0.000 0.000
GLU02B4869_004 0.678 0.667 0.667 0.625 0.465 0.214 0.043 0.008 0.002 0.000 0.000 0.000 0.000 0.000 0.000
GLU-1B4869_005 0.000 0.000 0.009 0.062 0.282 0.667 0.934 0.988 0.998 1.000 1.000 1.000 1.000 1.000 1.000
ASP01B4870_001 0.015 0.014 0.016 0.016 0.014 0.010 0.003 0.000 0.000 0.000 0.000 0.000 0.000 0.000 0.000
ASP01B4870_002 0.400 0.403 0.400 0.397 0.351 0.205 0.055 0.015 0.004 0.000 0.000 0.000 0.000 0.000 0.000
ASP02B4870_003 0.043 0.042 0.040 0.041 0.033 0.020 0.006 0.000 0.001 0.000 0.000 0.000 0.000 0.000 0.000
ASP02B4870_004 0.542 0.541 0.540 0.515 0.438 0.244 0.065 0.016 0.004 0.001 0.000 0.000 0.000 0.000 0.000
ASP-1B4870_005 0.000 0.000 0.003 0.031 0.163 0.520 0.872 0.970 0.991 0.998 1.000 1.000 1.000 1.000 1.000
GLU01B4871_001 0.019 0.020 0.018 0.012 0.005 0.001 0.000 0.000 0.000 0.000 0.000 0.000 0.000 0.000 0.000
GLU01B4871_002 0.387 0.373 0.366 0.257 0.104 0.028 0.008 0.000 0.000 0.000 0.000 0.000 0.000 0.000 0.000
GLU02B4871_003 0.000 0.002 0.001 0.001 0.001 0.000 0.000 0.000 0.000 0.000 0.000 0.000 0.000 0.000 0.000
GLU02B4871_004 0.594 0.600 0.557 0.422 0.169 0.045 0.018 0.017 0.000 0.000 0.000 0.000 0.000 0.000 0.000
GLU-1B4871_005 0.000 0.006 0.057 0.307 0.722 0.925 0.974 0.983 1.000 1.000 1.000 1.000 1.000 1.000 1.000
CTR01B4871_001 0.000 0.000 0.000 0.000 0.000 0.000 0.001 0.000 0.000 0.000 0.000 0.000 0.000 0.000 0.000
CTR01B4871_002 0.997 1.000 0.996 0.996 0.988 0.970 0.903 0.643 0.250 0.051 0.008 0.000 0.000 0.000 0.000
CTR02B4871_003 0.000 0.000 0.000 0.000 0.000 0.000 0.000 0.000 0.000 0.000 0.000 0.000 0.000 0.000 0.000
CTR02B4871_004 0.003 0.000 0.004 0.004 0.003 0.002 0.002 0.002 0.000 0.000 0.000 0.000 0.000 0.000 0.000
CTR-1B4871_005 0.000 0.000 0.000 0.000 0.009 0.028 0.094 0.355 0.750 0.949 0.992 1.000 1.000 1.000 1.000
NTR01B4872_001 1.000 1.000 1.000 1.000 1.000 1.000 1.000 1.000 1.000 1.000 1.000 1.000 1.000 1.000 1.000
NTR+1B4872_002 0.000 0.000 0.000 0.000 0.000 0.000 0.000 0.000 0.000 0.000 0.000 0.000 0.000 0.000 0.000
PRO01B4872_001 1.000 1.000 1.000 1.000 1.000 1.000 1.000 1.000 1.000 1.000 1.000 1.000 1.000 1.000 1.000
ASP01B4873_001 0.000 0.000 0.000 0.000 0.000 0.000 0.000 0.000 0.000 0.000 0.000 0.000 0.000 0.000 0.000
ASP01B4873_002 0.000 0.000 0.000 0.000 0.000 0.000 0.000 0.000 0.000 0.000 0.000 0.000 0.000 0.000 0.000
ASP02B4873_003 0.455 0.085 0.013 0.002 0.000 0.000 0.000 0.000 0.000 0.000 0.000 0.000 0.000 0.000 0.000
ASP02B4873_004 0.042 0.007 0.000 0.000 0.000 0.000 0.000 0.000 0.000 0.000 0.000 0.000 0.000 0.000 0.000
ASP-1B4873_005 0.503 0.907 0.987 0.998 1.000 1.000 1.000 1.000 1.000 1.000 1.000 1.000 1.000 1.000 1.000
MET01B4874_001 1.000 1.000 1.000 1.000 1.000 1.000 1.000 1.000 1.000 1.000 1.000 1.000 1.000 1.000 1.000
LYS01B4875_001 0.000 0.000 0.000 0.000 0.000 0.000 0.000 0.000 0.005 0.017 0.035 0.071 0.247 0.725 0.953
LYS+1B4875_002 1.000 1.000 1.000 1.000 1.000 1.000 1.000 1.000 0.995 0.983 0.965 0.929 0.753 0.275 0.047
CYS01B4876_001 0.094 0.094 0.093 0.089 0.082 0.085 0.080 0.079 0.074 0.070 0.069 0.063 0.061 0.057 0.044
CYS01B4876_002 0.413 0.417 0.433 0.439 0.457 0.465 0.481 0.502 0.502 0.509 0.534 0.545 0.569 0.596 0.635
CYS01B4876_003 0.493 0.490 0.474 0.472 0.460 0.450 0.438 0.419 0.424 0.421 0.397 0.392 0.370 0.347 0.321
CYS-1B4876_004 0.000 0.000 0.000 0.000 0.000 0.000 0.000 0.000 0.000 0.000 0.000 0.000 0.000 0.000 0.000
ASP01B4877_001 0.004 0.003 0.003 0.000 0.003 0.002 0.000 0.000 0.000 0.000 0.000 0.000 0.000 0.000 0.000
ASP01B4877_002 0.112 0.096 0.103 0.099 0.085 0.059 0.021 0.006 0.000 0.000 0.000 0.000 0.000 0.000 0.000
ASP02B4877_003 0.155 0.130 0.130 0.125 0.110 0.074 0.026 0.005 0.001 0.000 0.000 0.000 0.000 0.000 0.000
ASP02B4877_004 0.729 0.771 0.761 0.743 0.636 0.397 0.147 0.037 0.010 0.000 0.000 0.000 0.000 0.000 0.000
ASP-1B4877_005 0.000 0.000 0.004 0.033 0.166 0.469 0.806 0.951 0.989 1.000 1.000 1.000 1.000 1.000 1.000
ASP01B4878_001 0.000 0.000 0.000 0.000 0.000 0.000 0.000 0.000 0.000 0.000 0.000 0.000 0.000 0.000 0.000
ASP01B4878_002 0.449 0.457 0.456 0.458 0.370 0.203 0.058 0.009 0.001 0.000 0.000 0.000 0.000 0.000 0.000
ASP02B4878_003 0.053 0.053 0.050 0.050 0.035 0.019 0.004 0.001 0.000 0.000 0.000 0.000 0.000 0.000 0.000
ASP02B4878_004 0.498 0.490 0.489 0.447 0.342 0.146 0.034 0.006 0.001 0.000 0.000 0.000 0.000 0.000 0.000
ASP-1B4878_005 0.000 0.000 0.005 0.045 0.252 0.632 0.904 0.984 0.998 1.000 1.000 1.000 1.000 1.000 1.000
MET01B4879_001 1.000 1.000 1.000 1.000 1.000 1.000 1.000 1.000 1.000 1.000 1.000 1.000 1.000 1.000 1.000
MET01B4880_001 1.000 1.000 1.000 1.000 1.000 1.000 1.000 1.000 1.000 1.000 1.000 1.000 1.000 1.000 1.000
THR01B4881_001 0.626 0.614 0.620 0.580 0.451 0.203 0.050 0.009 0.001 0.000 0.000 0.000 0.000 0.000 0.000
THR01B4881_002 0.071 0.071 0.070 0.065 0.053 0.035 0.020 0.017 0.015 0.017 0.015 0.014 0.015 0.014 0.015
THR01B4881_003 0.303 0.315 0.311 0.355 0.495 0.761 0.929 0.974 0.984 0.983 0.985 0.986 0.985 0.986 0.985
CYS01B4882_001 0.467 0.464 0.482 0.488 0.498 0.487 0.489 0.513 0.514 0.522 0.542 0.557 0.585 0.599 0.573
CYS01B4882_002 0.020 0.019 0.022 0.020 0.020 0.022 0.023 0.022 0.023 0.025 0.024 0.025 0.024 0.030 0.043
CYS01B4882_003 0.513 0.517 0.497 0.492 0.482 0.492 0.489 0.465 0.463 0.454 0.434 0.419 0.391 0.370 0.383
CYS-1B4882_004 0.000 0.000 0.000 0.000 0.000 0.000 0.000 0.000 0.000 0.000 0.000 0.000 0.000 0.000 0.000
TYR01B4883_001 0.130 0.128 0.141 0.210 0.348 0.415 0.438 0.451 0.453 0.460 0.473 0.471 0.456 0.349 0.102
TYR01B4883_002 0.870 0.872 0.859 0.790 0.652 0.585 0.562 0.549 0.547 0.540 0.523 0.511 0.481 0.353 0.102
TYR-1B4883_003 0.000 0.000 0.000 0.000 0.000 0.000 0.000 0.000 0.000 0.000 0.005 0.018 0.063 0.298 0.796
CTR01B4883_001 0.000 0.002 0.000 0.000 0.004 0.003 0.003 0.003 0.002 0.004 0.003 0.000 0.000 0.000 0.000
CTR01B4883_002 0.391 0.384 0.403 0.425 0.474 0.494 0.579 0.712 0.766 0.755 0.678 0.402 0.100 0.036 0.000
CTR02B4883_003 0.013 0.012 0.013 0.012 0.009 0.010 0.008 0.004 0.002 0.004 0.003 0.000 0.000 0.000 0.000
CTR02B4883_004 0.597 0.601 0.585 0.563 0.513 0.492 0.410 0.281 0.224 0.209 0.185 0.107 0.026 0.007 0.000
CTR-1B4883_005 0.000 0.000 0.000 0.000 0.000 0.000 0.000 0.000 0.005 0.027 0.131 0.491 0.873 0.957 1.000
NTR01B4885_001 1.000 1.000 1.000 1.000 1.000 1.000 1.000 1.000 1.000 1.000 1.000 1.000 1.000 1.000 1.000
NTR+1B4885_002 0.000 0.000 0.000 0.000 0.000 0.000 0.000 0.000 0.000 0.000 0.000 0.000 0.000 0.000 0.000
CTR01B4885_001 0.005 0.005 0.004 0.005 0.004 0.004 0.003 0.001 0.000 0.000 0.000 0.000 0.000 0.000 0.000
CTR01B4885_002 0.549 0.556 0.550 0.551 0.539 0.529 0.363 0.114 0.020 0.005 0.000 0.001 0.000 0.000 0.000
CTR02B4885_003 0.004 0.005 0.005 0.005 0.006 0.004 0.000 0.000 0.000 0.000 0.000 0.000 0.000 0.000 0.000
CTR02B4885_004 0.442 0.434 0.440 0.432 0.430 0.400 0.287 0.092 0.014 0.005 0.005 0.001 0.000 0.000 0.000
CTR-1B4885_005 0.000 0.000 0.001 0.007 0.021 0.064 0.346 0.793 0.965 0.991 0.995 0.998 1.000 1.000 1.000
PHE01B4885_001 1.000 1.000 1.000 1.000 1.000 1.000 1.000 1.000 1.000 1.000 1.000 1.000 1.000 1.000 1.000
NTR01B4887_001 1.000 1.000 1.000 1.000 1.000 1.000 1.000 1.000 1.000 1.000 1.000 1.000 1.000 1.000 1.000
NTR+1B4887_002 0.000 0.000 0.000 0.000 0.000 0.000 0.000 0.000 0.000 0.000 0.000 0.000 0.000 0.000 0.000
CTR01B4887_001 0.009 0.012 0.011 0.009 0.004 0.000 0.000 0.000 0.000 0.000 0.000 0.000 0.000 0.000 0.000
CTR01B4887_002 0.445 0.437 0.422 0.344 0.150 0.033 0.006 0.000 0.000 0.000 0.000 0.000 0.000 0.000 0.000
CTR02B4887_003 0.000 0.001 0.000 0.000 0.000 0.000 0.000 0.000 0.000 0.000 0.000 0.000 0.000 0.000 0.000
CTR02B4887_004 0.546 0.547 0.528 0.421 0.198 0.043 0.008 0.000 0.000 0.000 0.000 0.000 0.000 0.000 0.000
CTR-1B4887_005 0.000 0.004 0.038 0.227 0.649 0.924 0.986 1.000 1.000 1.000 1.000 1.000 1.000 1.000 1.000
MET01B4887_001 1.000 1.000 1.000 1.000 1.000 1.000 1.000 1.000 1.000 1.000 1.000 1.000 1.000 1.000 1.000
NTR01B4899_001 0.000 0.000 0.000 0.000 0.000 0.000 0.000 0.014 0.094 0.431 0.834 0.974 0.995 1.000 1.000
NTR+1B4899_002 1.000 1.000 1.000 1.000 1.000 1.000 1.000 0.986 0.906 0.569 0.166 0.026 0.005 0.000 0.000
ASP01B4899_001 0.000 0.000 0.000 0.000 0.000 0.000 0.000 0.000 0.000 0.000 0.000 0.000 0.000 0.000 0.000
ASP01B4899_002 0.052 0.048 0.031 0.009 0.003 0.000 0.000 0.000 0.000 0.000 0.000 0.000 0.000 0.000 0.000
ASP02B4899_003 0.048 0.047 0.028 0.010 0.000 0.000 0.000 0.000 0.000 0.000 0.000 0.000 0.000 0.000 0.000
ASP02B4899_004 0.887 0.817 0.499 0.144 0.036 0.005 0.000 0.000 0.000 0.000 0.000 0.000 0.000 0.000 0.000
ASP-1B4899_005 0.013 0.088 0.442 0.837 0.961 0.994 1.000 1.000 1.000 1.000 1.000 1.000 1.000 1.000 1.000
GLU01B4900_001 0.000 0.000 0.000 0.000 0.000 0.000 0.000 0.000 0.000 0.000 0.000 0.000 0.000 0.000 0.000
GLU01B4900_002 0.000 0.005 0.005 0.005 0.002 0.000 0.000 0.000 0.000 0.000 0.000 0.000 0.000 0.000 0.000
GLU02B4900_003 0.087 0.086 0.075 0.056 0.026 0.006 0.000 0.000 0.000 0.000 0.000 0.000 0.000 0.000 0.000
GLU02B4900_004 0.912 0.900 0.869 0.718 0.352 0.071 0.015 0.000 0.000 0.000 0.000 0.000 0.000 0.000 0.000
GLU-1B4900_005 0.001 0.009 0.051 0.221 0.620 0.922 0.985 1.000 1.000 1.000 1.000 1.000 1.000 1.000 1.000
ILE01B4901_001 1.000 1.000 1.000 1.000 1.000 1.000 1.000 1.000 1.000 1.000 1.000 1.000 1.000 1.000 1.000
GLU01B4902_001 0.003 0.004 0.003 0.002 0.002 0.001 0.000 0.000 0.000 0.000 0.000 0.000 0.000 0.000 0.000
GLU01B4902_002 0.133 0.137 0.124 0.116 0.089 0.074 0.066 0.072 0.049 0.017 0.003 0.000 0.000 0.000 0.000
GLU02B4902_003 0.064 0.065 0.060 0.057 0.034 0.024 0.019 0.017 0.012 0.006 0.001 0.000 0.000 0.000 0.000
GLU02B4902_004 0.800 0.795 0.813 0.825 0.872 0.894 0.889 0.803 0.597 0.224 0.058 0.009 0.000 0.000 0.000
GLU-1B4902_005 0.000 0.000 0.000 0.000 0.004 0.007 0.026 0.108 0.342 0.753 0.937 0.990 1.000 1.000 1.000
CTR01B4902_001 0.000 0.000 0.000 0.000 0.000 0.000 0.000 0.000 0.000 0.000 0.000 0.000 0.000 0.000 0.000
CTR01B4902_002 0.003 0.002 0.000 0.000 0.000 0.000 0.000 0.000 0.000 0.000 0.000 0.000 0.000 0.000 0.000
CTR02B4902_003 0.295 0.146 0.035 0.007 0.004 0.000 0.000 0.000 0.000 0.000 0.000 0.000 0.000 0.000 0.000
CTR02B4902_004 0.578 0.309 0.117 0.059 0.059 0.050 0.045 0.018 0.005 0.000 0.000 0.000 0.000 0.000 0.000
CTR-1B4902_005 0.124 0.542 0.847 0.934 0.938 0.950 0.955 0.982 0.995 1.000 1.000 1.000 1.000 1.000 1.000
NTR01B4904_001 0.006 0.029 0.050 0.048 0.061 0.071 0.190 0.596 0.909 0.981 0.996 1.000 1.000 1.000 1.000
NTR+1B4904_002 0.994 0.971 0.950 0.952 0.939 0.929 0.810 0.404 0.091 0.019 0.004 0.000 0.000 0.000 0.000
PRO01B4904_001 1.000 1.000 1.000 1.000 1.000 1.000 1.000 1.000 1.000 1.000 1.000 1.000 1.000 1.000 1.000
ALA01B4905_001 1.000 1.000 1.000 1.000 1.000 1.000 1.000 1.000 1.000 1.000 1.000 1.000 1.000 1.000 1.000
ASP01B4907_001 0.000 0.000 0.000 0.000 0.000 0.000 0.000 0.000 0.000 0.000 0.000 0.000 0.000 0.000 0.000
ASP01B4907_002 0.011 0.011 0.012 0.008 0.003 0.000 0.000 0.000 0.000 0.000 0.000 0.000 0.000 0.000 0.000
ASP02B4907_003 0.253 0.245 0.230 0.160 0.057 0.012 0.002 0.000 0.000 0.000 0.000 0.000 0.000 0.000 0.000
ASP02B4907_004 0.737 0.736 0.700 0.511 0.194 0.040 0.007 0.000 0.000 0.000 0.000 0.000 0.000 0.000 0.000
ASP-1B4907_005 0.000 0.007 0.057 0.321 0.746 0.949 0.991 1.000 1.000 1.000 1.000 1.000 1.000 1.000 1.000
GLU01B4908_001 0.009 0.010 0.009 0.010 0.007 0.003 0.000 0.000 0.000 0.000 0.000 0.000 0.000 0.000 0.000
GLU01B4908_002 0.577 0.565 0.571 0.529 0.384 0.141 0.024 0.000 0.000 0.000 0.000 0.000 0.000 0.000 0.000
GLU02B4908_003 0.021 0.024 0.022 0.021 0.022 0.008 0.001 0.000 0.000 0.000 0.000 0.000 0.000 0.000 0.000
GLU02B4908_004 0.393 0.401 0.389 0.374 0.292 0.110 0.017 0.006 0.000 0.000 0.000 0.000 0.000 0.000 0.000
GLU-1B4908_005 0.000 0.000 0.009 0.065 0.296 0.738 0.958 0.994 0.999 1.000 1.000 1.000 1.000 1.000 1.000
TYR01B4909_001 1.000 1.000 1.000 1.000 1.000 1.000 1.000 0.999 0.989 0.910 0.589 0.180 0.029 0.004 0.000
TYR-1B4909_002 0.000 0.000 0.000 0.000 0.000 0.000 0.000 0.001 0.011 0.090 0.411 0.820 0.971 0.996 1.000
GLU01B4910_001 0.000 0.000 0.000 0.000 0.000 0.000 0.000 0.000 0.000 0.000 0.000 0.000 0.000 0.000 0.000
GLU01B4910_002 0.000 0.003 0.002 0.000 0.002 0.000 0.002 0.002 0.000 0.002 0.002 0.002 0.000 0.000 0.000
GLU02B4910_003 0.013 0.013 0.015 0.017 0.021 0.024 0.030 0.030 0.035 0.037 0.040 0.046 0.037 0.009 0.000
GLU02B4910_004 0.987 0.984 0.983 0.983 0.976 0.976 0.967 0.968 0.965 0.960 0.946 0.880 0.592 0.149 0.022
GLU-1B4910_005 0.000 0.000 0.000 0.000 0.000 0.000 0.000 0.000 0.000 0.000 0.012 0.071 0.371 0.842 0.978
CTR01B4910_001 0.001 0.002 0.000 0.002 0.002 0.000 0.000 0.000 0.000 0.000 0.000 0.000 0.000 0.000 0.000
CTR01B4910_002 0.365 0.381 0.401 0.405 0.287 0.073 0.012 0.002 0.000 0.000 0.000 0.000 0.000 0.000 0.000
CTR02B4910_003 0.007 0.009 0.006 0.006 0.003 0.001 0.000 0.000 0.000 0.000 0.000 0.000 0.000 0.000 0.000
CTR02B4910_004 0.626 0.608 0.568 0.470 0.293 0.079 0.011 0.001 0.000 0.000 0.000 0.000 0.000 0.000 0.000
CTR-1B4910_005 0.000 0.000 0.024 0.117 0.415 0.847 0.977 0.997 1.000 1.000 1.000 1.000 1.000 1.000 1.000
NTR01B4913_001 0.000 0.000 0.000 0.000 0.000 0.000 0.000 0.000 0.026 0.150 0.503 0.841 0.969 0.996 0.999
NTR+1B4913_002 1.000 1.000 1.000 1.000 1.000 1.000 1.000 1.000 0.974 0.850 0.497 0.159 0.031 0.004 0.001
CTR01B4913_001 0.000 0.000 0.000 0.000 0.000 0.000 0.000 0.000 0.000 0.000 0.000 0.000 0.000 0.000 0.000
CTR01B4913_002 0.367 0.354 0.258 0.097 0.027 0.006 0.000 0.000 0.000 0.000 0.000 0.000 0.000 0.000 0.000
CTR02B4913_003 0.000 0.000 0.000 0.000 0.000 0.000 0.000 0.000 0.000 0.000 0.000 0.000 0.000 0.000 0.000
CTR02B4913_004 0.626 0.597 0.444 0.169 0.050 0.013 0.003 0.000 0.000 0.000 0.000 0.000 0.000 0.000 0.000
CTR-1B4913_005 0.007 0.050 0.298 0.734 0.922 0.981 0.997 1.000 1.000 1.000 1.000 1.000 1.000 1.000 1.000
ARG01B4913_001 0.000 0.000 0.000 0.000 0.000 0.000 0.000 0.000 0.000 0.000 0.000 0.000 0.000 0.015 0.075
ARG02B4913_002 0.000 0.000 0.000 0.000 0.000 0.000 0.000 0.000 0.000 0.000 0.000 0.000 0.000 0.002 0.011
ARG03B4913_003 0.000 0.000 0.000 0.000 0.000 0.000 0.000 0.000 0.000 0.000 0.000 0.000 0.000 0.002 0.012
ARG+1B4913_004 1.000 1.000 1.000 1.000 1.000 1.000 1.000 1.000 1.000 1.000 1.000 1.000 1.000 0.981 0.902
NTR01B5009_001 0.000 0.000 0.000 0.000 0.000 0.000 0.000 0.006 0.053 0.319 0.757 0.952 0.994 1.000 1.000
NTR+1B5009_002 1.000 1.000 1.000 1.000 1.000 1.000 1.000 0.994 0.947 0.681 0.243 0.048 0.006 0.000 0.000
CTR01B5009_001 0.011 0.012 0.011 0.006 0.002 0.000 0.000 0.000 0.000 0.000 0.000 0.000 0.000 0.000 0.000
CTR01B5009_002 0.467 0.470 0.428 0.276 0.080 0.012 0.002 0.000 0.000 0.000 0.000 0.000 0.000 0.000 0.000
CTR02B5009_003 0.000 0.000 0.000 0.001 0.000 0.000 0.000 0.000 0.000 0.000 0.000 0.000 0.000 0.000 0.000
CTR02B5009_004 0.522 0.510 0.483 0.302 0.081 0.013 0.000 0.000 0.000 0.000 0.000 0.000 0.000 0.000 0.000
CTR-1B5009_005 0.000 0.007 0.078 0.415 0.837 0.975 0.998 1.000 1.000 1.000 1.000 1.000 1.000 1.000 1.000
TYR01B5009_001 1.000 1.000 1.000 1.000 1.000 1.000 1.000 0.999 0.992 0.938 0.732 0.253 0.035 0.003 0.000
TYR-1B5009_002 0.000 0.000 0.000 0.000 0.000 0.000 0.000 0.001 0.008 0.062 0.268 0.747 0.965 0.997 1.000
NTR01B5015_001 0.000 0.000 0.000 0.000 0.000 0.000 0.000 0.007 0.055 0.345 0.810 0.973 0.996 1.000 1.000
NTR+1B5015_002 1.000 1.000 1.000 1.000 1.000 1.000 1.000 0.993 0.945 0.655 0.190 0.027 0.004 0.000 0.000
CTR01B5015_001 0.011 0.008 0.008 0.005 0.001 0.000 0.000 0.000 0.000 0.000 0.000 0.000 0.000 0.000 0.000
CTR01B5015_002 0.434 0.432 0.388 0.235 0.056 0.008 0.003 0.000 0.000 0.000 0.000 0.000 0.000 0.000 0.000
CTR02B5015_003 0.000 0.000 0.000 0.000 0.000 0.000 0.000 0.000 0.000 0.000 0.000 0.000 0.000 0.000 0.000
CTR02B5015_004 0.555 0.550 0.518 0.311 0.083 0.011 0.000 0.000 0.000 0.000 0.000 0.000 0.000 0.000 0.000
CTR-1B5015_005 0.000 0.010 0.086 0.450 0.861 0.981 0.997 1.000 1.000 1.000 1.000 1.000 1.000 1.000 1.000
GLN01B5015_001 0.437 0.434 0.438 0.443 0.449 0.447 0.451 0.453 0.442 0.398 0.319 0.292 0.289 0.288 0.284
GLN01B5015_002 0.563 0.566 0.562 0.557 0.551 0.553 0.549 0.547 0.558 0.602 0.681 0.708 0.711 0.712 0.716
_CA+2B5102_001 1.000 1.000 1.000 1.000 1.000 1.000 1.000 1.000 1.000 1.000 1.000 1.000 1.000 1.000 1.000
_CADMB5102_002 0.000 0.000 0.000 0.000 0.000 0.000 0.000 0.000 0.000 0.000 0.000 0.000 0.000 0.000 0.000
