   Rotamer making statitics:
   Residue   Start  Clean   Swap Rotate   Self  Hbond Repack  Ioni.   TorH     OH  Elect
   NTRB3639      1      1      1      1      1      1      1      2      2      2      2
   THRB3639      1      1      1      1      1      1      1      1      1      1      1
   PROB3640      1      1      1      1      1      1      1      1      1      1      1
   LEUB3641      1      1      1      1      1      1      1      1      1      1      1
   TYRB3642      1      1      1      1      1      1      1      2      3      3      3
   ASNB3643      1      1      2      2      2      2      1      1      1      1      1
   LEUB3644      1      1      1      1      1      1      1      1      1      1      1
   PROB3645      1      1      1      1      1      1      1      1      1      1      1
   THRB3646      1      1      1      1      1      1      1      1      2      2      1
   HISB3647      1      1      2      2      2      2      2      6      6      6      6
   ARGB3648      1      1      1      1      1      1      1      4      4      4      4
   ALAB3649      1      1      1      1      1      1      1      1      1      1      1
   CYSB3650      1      1      1      1      1      1      1      2      4      4      4
   ASNB3651      1      1      2      2      2      2      2      2      2      2      2
   METB3652      1      1      1      1      1      1      1      1      1      1      1
   PHEB3653      1      1      1      1      1      1      1      1      1      1      1
   LEUB3654      1      1      1      1      1      1      1      1      1      1      1
   GLUB3655      1      1      1      1      1      1      1      3      5      5      5
   SERB3656      1      1      1      1      1      1      1      1      2      2      1
   TYRB3657      1      1      1      1      1      1      1      2      2      2      2
   LYSB3658      1      1      1      1      1      1      1      2      2      2      2
   ALAB3659      1      1      1      1      1      1      1      1      1      1      1
   ALAB3660      1      1      1      1      1      1      1      1      1      1      1
   TRPB3661      1      1      1      1      1      1      1      1      1      1      1
   ILEB3662      1      1      1      1      1      1      1      1      1      1      1
   LEUB3663      1      1      1      1      1      1      1      1      1      1      1
   THRB3664      1      1      1      1      1      1      1      1      2      2      1
   GLUB3665      1      1      1      1      1      1      1      3      5      5      5
   ASPB3666      1      1      1      1      1      1      1      3      5      5      5
   HISB3667      1      1      2      2      2      2      1      3      3      3      3
   SERB3668      1      1      1      1      1      1      1      1      3      3      3
   CTRB3668      1      1      1      1      1      1      1      3      5      5      5
   NTRB3682      1      1      1      1      1      1      1      2      2      2      2
   GLUB3682      1      1      1      1      1      1      1      3      5      5      5
   GLNB3683      1      1      2      2      1      1      1      1      1      1      1
   GLUB3684      1      1      1      1      1      1      1      3      5      5      5
   GLUB3685      1      1      1      1      1      1      1      3      5      5      5
   GLUB3686      1      1      1      1      1      1      1      3      5      5      5
   GLUB3687      1      1      1      1      1      1      1      3      5      5      5
   GLUB3688      1      1      1      1      1      1      1      3      5      5      5
   GLUB3689      1      1      1      1      1      1      1      3      5      5      5
   VALB3690      1      1      1      1      1      1      1      1      1      1      1
   GLUB3691      1      1      1      1      1      1      1      3      5      5      5
   GLUB3692      1      1      1      1      1      1      1      3      5      5      5
   CTRB3692      1      1      1      1      1      1      1      3      5      5      5
   NTRB3714      1      1      1      1      1      1      1      2      2      2      2
   CTRB3714      1      1      1      1      1      1      1      3      5      5      5
   SERB3714      1      1      1      1      1      1      1      1      2      2      2
   NTGB3739      1      1      1      1      1      1      1      2      2      2      2
   GLYB3739      0      0      0      0      0      0      0      0      0      0      0
   GLUB3740      1      1      1      1      1      1      1      3      5      5      5
   ASNB3741      1      1      2      2      2      2      1      1      1      1      1
   CTRB3741      1      1      1      1      1      1      1      3      5      5      5
   NTRB3747      1      1      1      1      1      1      1      2      2      2      2
   CTRB3747      1      1      1      1      1      1      1      3      5      5      5
   GLUB3747      1      1      1      1      1      1      1      3      5      5      5
   NTRB3831      1      1      1      1      1      1      1      2      3      3      3
   CTRB3831      1      1      1      1      1      1      1      3      5      5      5
   SERB3831      1      1      1      1      1      1      1      1      2      2      2
   NTRB3849      1      1      1      1      1      1      1      2      2      2      2
   ARGB3849      1      1      1      1      1      1      1      4      4      4      4
   GLNB3850      1      1      2      2      2      2      1      1      1      1      1
   ASNB3851      1      1      2      2      2      2      2      2      2      2      2
   LYSB3852      1      1      1      1      1      1      1      2      2      2      2
   ALAB3853      1      1      1      1      1      1      1      1      1      1      1
   GLUB3854      1      1      1      1      1      1      1      3      5      5      5
   GLYB3855      0      0      0      0      0      0      0      0      0      0      0
   LEUB3856      1      1      1      1      1      1      1      1      1      1      1
   GLYB3857      0      0      0      0      0      0      0      0      0      0      0
   METB3858      1      1      1      1      1      1      1      1      1      1      1
   VALB3859      1      1      1      1      1      1      1      1      1      1      1
   ASNB3860      1      1      2      2      1      1      1      1      1      1      1
   GLUB3861      1      1      1      1      1      1      1      3      5      5      5
   ASPB3862      1      1      1      1      1      1      1      3      5      5      5
   GLYB3863      0      0      0      0      0      0      0      0      0      0      0
   THRB3864      1      1      1      1      1      1      1      1      2      2      2
   VALB3865      1      1      1      1      1      1      1      1      1      1      1
   ILEB3866      1      1      1      1      1      1      1      1      1      1      1
   ASNB3867      1      1      2      2      1      1      1      1      1      1      1
   ARGB3868      1      1      1      1      1      1      1      4      5      5      5
   GLNB3869      1      1      2      2      1      1      1      1      1      1      1
   ASNB3870      1      1      2      2      1      1      1      1      1      1      1
   GLYB3871      0      0      0      0      0      0      0      0      0      0      0
   GLUB3872      1      1      1      1      1      1      1      3      5      5      5
   LYSB3873      1      1      1      1      1      1      1      2      2      2      2
   VALB3874      1      1      1      1      1      1      1      1      1      1      1
   CTRB3874      1      1      1      1      1      1      1      3      5      5      5
   NTRB3889      1      1      1      1      1      1      1      2      2      2      2
   CTRB3889      1      1      1      1      1      1      1      3      5      5      5
   GLNB3889      1      1      2      2      2      2      1      1      1      1      1
   NTRB3915      1      1      1      1      1      1      1      2      2      2      2
   ILEB3915      1      1      1      1      1      1      1      1      1      1      1
   ILEB3916      1      1      1      1      1      1      1      1      1      1      1
   ILEB3917      1      1      1      1      1      1      1      1      1      1      1
   CYSB3918      1      1      1      1      1      1      1      2      4      4      4
   THRB3919      1      1      1      1      1      1      1      1      2      2      2
   VALB3920      1      1      1      1      1      1      1      1      1      1      1
   ASPB3921      1      1      1      1      1      1      1      3      5      5      5
   CTRB3921      1      1      1      1      1      1      1      3      5      5      5
   NTRB3923      1      1      1      1      1      1      1      2      2      2      2
   CTRB3923      1      1      1      1      1      1      1      3      5      5      5
   LEUB3923      1      1      1      1      1      1      1      1      1      1      1
   NTRB3927      1      1      1      1      1      1      1      2      2      2      2
   CTRB3927      1      1      1      1      1      1      1      3      5      5      5
   GLNB3927      1      1      2      2      2      2      1      1      1      1      1
   NTGB3971      1      1      1      1      1      1      1      2      2      2      2
   GLYB3971      0      0      0      0      0      0      0      0      0      0      0
   PROB3972      1      1      1      1      1      1      1      1      1      1      1
   CTRB3972      1      1      1      1      1      1      1      3      5      5      5
   NTRB3989      1      1      1      1      1      1      1      2      2      2      2
   CTRB3989      1      1      1      1      1      1      1      3      5      5      5
   VALB3989      1      1      1      1      1      1      1      1      1      1      1
   NTRB4024      1      1      1      1      1      1      1      2      2      2      2
   CTRB4024      1      1      1      1      1      1      1      3      5      5      5
   VALB4024      1      1      1      1      1      1      1      1      1      1      1
   NTRB4032      1      1      1      1      1      1      1      2      2      2      2
   GLUB4032      1      1      1      1      1      1      1      3      5      5      5
   GLYB4033      0      0      0      0      0      0      0      0      0      0      0
   CTRB4033      1      1      1      1      1      1      1      3      5      5      5
   NTRB4037      1      1      1      1      1      1      1      2      3      3      2
   CTRB4037      1      1      1      1      1      1      1      3      5      5      5
   ASNB4037      1      1      2      2      2      2      1      1      1      1      1
   NTRB4049      1      1      1      1      1      1      1      2      2      2      2
   VALB4049      1      1      1      1      1      1      1      1      1      1      1
   GLUB4050      1      1      1      1      1      1      1      3      5      5      5
   CTRB4050      1      1      1      1      1      1      1      3      5      5      5
   NTRB4052      1      1      1      1      1      1      1      2      2      2      2
   CTRB4052      1      1      1      1      1      1      1      3      5      5      5
   SERB4052      1      1      1      1      1      1      1      1      2      2      2
   NTRB4080      1      1      1      1      1      1      1      2      2      2      2
   CTRB4080      1      1      1      1      1      1      1      3      5      5      5
   TYRB4080      1      1      1      1      1      1      1      2      3      3      2
   NTRB4082      1      1      1      1      1      1      1      2      2      2      2
   THRB4082      1      1      1      1      1      1      1      1      3      3      3
   ASPB4083      1      1      1      1      1      1      1      3      5      5      5
   PROB4084      1      1      1      1      1      1      1      1      1      1      1
   ARGB4085      1      1      1      1      1      1      1      4      5      5      5
   GLYB4086      0      0      0      0      0      0      0      0      0      0      0
   LEUB4087      1      1      1      1      1      1      1      1      1      1      1
   CTRB4087      1      1      1      1      1      1      1      3      5      5      5
   NTRB4118      1      1      1      1      1      1      1      2      2      2      2
   ASPB4118      1      1      1      1      1      1      1      3      5      5      5
   GLUB4119      1      1      1      1      1      1      1      3      5      5      5
   ASNB4120      1      1      2      2      2      2      2      2      2      2      2
   GLUB4121      1      1      1      1      1      1      1      3      5      5      5
   METB4122      1      1      1      1      1      1      1      1      1      1      1
   CTRB4122      1      1      1      1      1      1      1      3      5      5      5
   NTRB4145      1      1      1      1      1      1      1      2      2      2      2
   CTRB4145      1      1      1      1      1      1      1      3      5      5      5
   VALB4145      1      1      1      1      1      1      1      1      1      1      1
   NTRB4150      1      1      1      1      1      1      1      2      2      2      2
   CTRB4150      1      1      1      1      1      1      1      3      5      5      5
   LEUB4150      1      1      1      1      1      1      1      1      1      1      1
   NTRB4540      1      1      1      1      1      1      1      2      2      2      2
   PHEB4540      1      1      1      1      1      1      1      1      1      1      1
   TRPB4541      1      1      1      1      1      1      1      1      1      1      1
   GLYB4542      0      0      0      0      0      0      0      0      0      0      0
   GLUB4543      1      1      1      1      1      1      1      3      5      5      5
   LEUB4544      1      1      1      1      1      1      1      1      1      1      1
   GLUB4545      1      1      1      1      1      1      1      3      5      5      5
   VALB4546      1      1      1      1      1      1      1      1      1      1      1
   GLNB4547      1      1      2      2      2      2      1      1      1      1      1
   ARGB4548      1      1      1      1      1      1      1      4      4      4      4
   VALB4549      1      1      1      1      1      1      1      1      1      1      1
   LYSB4550      1      1      1      1      1      1      1      2      2      2      2
   PHEB4551      1      1      1      1      1      1      1      1      1      1      1
   LEUB4552      1      1      1      1      1      1      1      1      1      1      1
   ASNB4553      1      1      2      2      2      2      2      2      2      2      2
   TYRB4554      1      1      1      1      1      1      1      2      3      3      3
   LEUB4555      1      1      1      1      1      1      1      1      1      1      1
   SERB4556      1      1      1      1      1      1      1      1      2      2      1
   ARGB4557      1      1      1      1      1      1      1      4      4      4      4
   ASNB4558      1      1      2      2      1      1      1      1      1      1      1
   PHEB4559      1      1      1      1      1      1      1      1      1      1      1
   TYRB4560      1      1      1      1      1      1      1      2      3      3      2
   THRB4561      1      1      1      1      1      1      1      1      2      2      1
   LEUB4562      1      1      1      1      1      1      1      1      1      1      1
   ARGB4563      1      1      1      1      1      1      1      4      4      4      4
   PHEB4564      1      1      1      1      1      1      1      1      1      1      1
   LEUB4565      1      1      1      1      1      1      1      1      1      1      1
   ALAB4566      1      1      1      1      1      1      1      1      1      1      1
   LEUB4567      1      1      1      1      1      1      1      1      1      1      1
   PHEB4568      1      1      1      1      1      1      1      1      1      1      1
   LEUB4569      1      1      1      1      1      1      1      1      1      1      1
   ALAB4570      1      1      1      1      1      1      1      1      1      1      1
   PHEB4571      1      1      1      1      1      1      1      1      1      1      1
   ALAB4572      1      1      1      1      1      1      1      1      1      1      1
   ILEB4573      1      1      1      1      1      1      1      1      1      1      1
   ASNB4574      1      1      2      2      2      2      2      2      2      2      2
   PHEB4575      1      1      1      1      1      1      1      1      1      1      1
   ILEB4576      1      1      1      1      1      1      1      1      1      1      1
   LEUB4577      1      1      1      1      1      1      1      1      1      1      1
   LEUB4578      1      1      1      1      1      1      1      1      1      1      1
   PHEB4579      1      1      1      1      1      1      1      1      1      1      1
   TYRB4580      1      1      1      1      1      1      1      2      2      2      2
   LYSB4581      1      1      1      1      1      1      1      2      2      2      2
   VALB4582      1      1      1      1      1      1      1      1      1      1      1
   SERB4583      1      1      1      1      1      1      1      1      2      2      2
   ASPB4584      1      1      1      1      1      1      1      3      5      5      5
   SERB4585      1      1      1      1      1      1      1      1      2      2      2
   PROB4586      1      1      1      1      1      1      1      1      1      1      1
   PROB4587      1      1      1      1      1      1      1      1      1      1      1
   CTRB4587      1      1      1      1      1      1      1      3      5      5      5
   NTRB4626      1      1      1      1      1      1      1      2      2      2      2
   ASNB4626      1      1      2      2      1      1      1      1      1      1      1
   METB4627      1      1      1      1      1      1      1      1      1      1      1
   VALB4628      1      1      1      1      1      1      1      1      1      1      1
   TYRB4629      1      1      1      1      1      1      1      2      3      3      2
   TYRB4630      1      1      1      1      1      1      1      2      3      3      2
   PHEB4631      1      1      1      1      1      1      1      1      1      1      1
   LEUB4632      1      1      1      1      1      1      1      1      1      1      1
   GLUB4633      1      1      1      1      1      1      1      3      5      5      5
   GLUB4634      1      1      1      1      1      1      1      3      5      5      5
   SERB4635      1      1      1      1      1      1      1      1      2      2      1
   THRB4636      1      1      1      1      1      1      1      1      3      3      3
   GLYB4637      0      0      0      0      0      0      0      0      0      0      0
   TYRB4638      1      1      1      1      1      1      1      2      3      3      3
   METB4639      1      1      1      1      1      1      1      1      1      1      1
   GLUB4640      1      1      1      1      1      1      1      3      5      5      5
   PROB4641      1      1      1      1      1      1      1      1      1      1      1
   ALAB4642      1      1      1      1      1      1      1      1      1      1      1
   LEUB4643      1      1      1      1      1      1      1      1      1      1      1
   TRPB4644      1      1      1      1      1      1      1      1      1      1      1
   CYSB4645      1      1      1      1      1      1      1      2      4      4      4
   LEUB4646      1      1      1      1      1      1      1      1      1      1      1
   SERB4647      1      1      1      1      1      1      1      1      3      3      3
   LEUB4648      1      1      1      1      1      1      1      1      1      1      1
   LEUB4649      1      1      1      1      1      1      1      1      1      1      1
   HISB4650      1      1      2      2      2      2      1      3      3      3      3
   THRB4651      1      1      1      1      1      1      1      1      2      2      1
   LEUB4652      1      1      1      1      1      1      1      1      1      1      1
   VALB4653      1      1      1      1      1      1      1      1      1      1      1
   ALAB4654      1      1      1      1      1      1      1      1      1      1      1
   PHEB4655      1      1      1      1      1      1      1      1      1      1      1
   LEUB4656      1      1      1      1      1      1      1      1      1      1      1
   CYSB4657      1      1      1      1      1      1      1      2      4      4      4
   ILEB4658      1      1      1      1      1      1      1      1      1      1      1
   ILEB4659      1      1      1      1      1      1      1      1      1      1      1
   GLYB4660      0      0      0      0      0      0      0      0      0      0      0
   TYRB4661      1      1      1      1      1      1      1      2      2      2      2
   ASNB4662      1      1      2      2      2      2      2      2      2      2      2
   CYSB4663      1      1      1      1      1      1      1      2      4      4      4
   LEUB4664      1      1      1      1      1      1      1      1      1      1      1
   LYSB4665      1      1      1      1      1      1      1      2      2      2      2
   CTRB4665      1      1      1      1      1      1      1      3      5      5      5
   NTGB4693      1      1      1      1      1      1      1      2      2      2      2
   GLYB4693      0      0      0      0      0      0      0      0      0      0      0
   ASPB4694      1      1      1      1      1      1      1      3      5      5      5
   CTRB4694      1      1      1      1      1      1      1      3      5      5      5
   NTRB4716      1      1      1      1      1      1      1      2      3      3      2
   CTRB4716      1      1      1      1      1      1      1      3      5      5      5
   TRPB4716      1      1      1      1      1      1      1      1      1      1      1
   NTRB4755      1      1      1      1      1      1      1      2      2      2      2
   GLUB4755      1      1      1      1      1      1      1      3      5      5      5
   ARGB4756      1      1      1      1      1      1      1      4      5      5      5
   LYSB4757      1      1      1      1      1      1      1      2      2      2      2
   PROB4758      1      1      1      1      1      1      1      1      1      1      1
   ASPB4759      1      1      1      1      1      1      1      3      5      5      5
   PROB4760      1      1      1      1      1      1      1      1      1      1      1
   PROB4761      1      1      1      1      1      1      1      1      1      1      1
   PROB4762      1      1      1      1      1      1      1      1      1      1      1
   GLYB4763      0      0      0      0      0      0      0      0      0      0      0
   LEUB4764      1      1      1      1      1      1      1      1      1      1      1
   LEUB4765      1      1      1      1      1      1      1      1      1      1      1
   THRB4766      1      1      1      1      1      1      1      1      2      2      2
   TRPB4767      1      1      1      1      1      1      1      1      1      1      1
   LEUB4768      1      1      1      1      1      1      1      1      1      1      1
   METB4769      1      1      1      1      1      1      1      1      1      1      1
   SERB4770      1      1      1      1      1      1      1      1      2      2      1
   ILEB4771      1      1      1      1      1      1      1      1      1      1      1
   ASPB4772      1      1      1      1      1      1      1      3      5      5      5
   CTRB4772      1      1      1      1      1      1      1      3      5      5      5
   NTRB4790      1      1      1      1      1      1      1      2      2      2      2
   LEUB4790      1      1      1      1      1      1      1      1      1      1      1
   TYRB4791      1      1      1      1      1      1      1      2      3      3      3
   LEUB4792      1      1      1      1      1      1      1      1      1      1      1
   GLYB4793      0      0      0      0      0      0      0      0      0      0      0
   TRPB4794      1      1      1      1      1      1      1      1      1      1      1
   TYRB4795      1      1      1      1      1      1      1      2      3      3      3
   METB4796      1      1      1      1      1      1      1      1      1      1      1
   VALB4797      1      1      1      1      1      1      1      1      1      1      1
   METB4798      1      1      1      1      1      1      1      1      1      1      1
   SERB4799      1      1      1      1      1      1      1      1      3      3      3
   LEUB4800      1      1      1      1      1      1      1      1      1      1      1
   LEUB4801      1      1      1      1      1      1      1      1      1      1      1
   GLYB4802      0      0      0      0      0      0      0      0      0      0      0
   HISB4803      1      1      2      2      2      2      2      6      6      6      6
   TYRB4804      1      1      1      1      1      1      1      2      3      3      2
   ASNB4805      1      1      2      2      2      2      2      2      2      2      2
   ASNB4806      1      1      2      2      2      2      2      2      2      2      2
   PHEB4807      1      1      1      1      1      1      1      1      1      1      1
   PHEB4808      1      1      1      1      1      1      1      1      1      1      1
   PHEB4809      1      1      1      1      1      1      1      1      1      1      1
   ALAB4810      1      1      1      1      1      1      1      1      1      1      1
   ALAB4811      1      1      1      1      1      1      1      1      1      1      1
   HISB4812      1      1      2      2      2      2      1      3      3      3      3
   LEUB4813      1      1      1      1      1      1      1      1      1      1      1
   LEUB4814      1      1      1      1      1      1      1      1      1      1      1
   ASPB4815      1      1      1      1      1      1      1      3      5      5      5
   ILEB4816      1      1      1      1      1      1      1      1      1      1      1
   ALAB4817      1      1      1      1      1      1      1      1      1      1      1
   METB4818      1      1      1      1      1      1      1      1      1      1      1
   CTRB4818      1      1      1      1      1      1      1      3      5      5      5
   NTRB4849      1      1      1      1      1      1      1      2      2      2      2
   TYRB4849      1      1      1      1      1      1      1      2      3      3      2
   LEUB4850      1      1      1      1      1      1      1      1      1      1      1
   TYRB4851      1      1      1      1      1      1      1      2      2      2      2
   THRB4852      1      1      1      1      1      1      1      1      3      3      3
   VALB4853      1      1      1      1      1      1      1      1      1      1      1
   VALB4854      1      1      1      1      1      1      1      1      1      1      1
   ALAB4855      1      1      1      1      1      1      1      1      1      1      1
   PHEB4856      1      1      1      1      1      1      1      1      1      1      1
   ASNB4857      1      1      2      2      2      2      2      2      2      2      2
   PHEB4858      1      1      1      1      1      1      1      1      1      1      1
   PHEB4859      1      1      1      1      1      1      1      1      1      1      1
   ARGB4860      1      1      1      1      1      1      1      4      4      4      4
   LYSB4861      1      1      1      1      1      1      1      2      2      2      2
   PHEB4862      1      1      1      1      1      1      1      1      1      1      1
   TYRB4863      1      1      1      1      1      1      1      2      3      3      3
   ASNB4864      1      1      2      2      2      2      2      2      2      2      2
   LYSB4865      1      1      1      1      1      1      1      2      2      2      2
   SERB4866      1      1      1      1      1      1      1      1      2      2      2
   GLUB4867      1      1      1      1      1      1      1      3      5      5      5
   ASPB4868      1      1      1      1      1      1      1      3      5      5      5
   GLUB4869      1      1      1      1      1      1      1      3      5      5      5
   ASPB4870      1      1      1      1      1      1      1      3      5      5      5
   GLUB4871      1      1      1      1      1      1      1      3      5      5      5
   CTRB4871      1      1      1      1      1      1      1      3      5      5      5
   NTRB4872      1      1      1      1      1      1      1      2      2      2      2
   PROB4872      1      1      1      1      1      1      1      1      1      1      1
   ASPB4873      1      1      1      1      1      1      1      3      5      5      5
   METB4874      1      1      1      1      1      1      1      1      1      1      1
   LYSB4875      1      1      1      1      1      1      1      2      2      2      2
   CYSB4876      1      1      1      1      1      1      1      2      4      4      4
   ASPB4877      1      1      1      1      1      1      1      3      5      5      5
   ASPB4878      1      1      1      1      1      1      1      3      5      5      5
   METB4879      1      1      1      1      1      1      1      1      1      1      1
   METB4880      1      1      1      1      1      1      1      1      1      1      1
   THRB4881      1      1      1      1      1      1      1      1      3      3      3
   CYSB4882      1      1      1      1      1      1      1      2      4      4      4
   TYRB4883      1      1      1      1      1      1      1      2      3      3      3
   CTRB4883      1      1      1      1      1      1      1      3      5      5      5
   NTRB4885      1      1      1      1      1      1      1      2      2      2      2
   CTRB4885      1      1      1      1      1      1      1      3      5      5      5
   PHEB4885      1      1      1      1      1      1      1      1      1      1      1
   NTRB4887      1      1      1      1      1      1      1      2      2      2      2
   CTRB4887      1      1      1      1      1      1      1      3      5      5      5
   METB4887      1      1      1      1      1      1      1      1      1      1      1
   NTRB4899      1      1      1      1      1      1      1      2      2      2      2
   ASPB4899      1      1      1      1      1      1      1      3      5      5      5
   GLUB4900      1      1      1      1      1      1      1      3      5      5      5
   ILEB4901      1      1      1      1      1      1      1      1      1      1      1
   GLUB4902      1      1      1      1      1      1      1      3      5      5      5
   CTRB4902      1      1      1      1      1      1      1      3      5      5      5
   NTRB4904      1      1      1      1      1      1      1      2      2      2      2
   PROB4904      1      1      1      1      1      1      1      1      1      1      1
   ALAB4905      1      1      1      1      1      1      1      1      1      1      1
   GLYB4906      0      0      0      0      0      0      0      0      0      0      0
   ASPB4907      1      1      1      1      1      1      1      3      5      5      5
   GLUB4908      1      1      1      1      1      1      1      3      5      5      5
   TYRB4909      1      1      1      1      1      1      1      2      3      3      2
   GLUB4910      1      1      1      1      1      1      1      3      5      5      5
   CTRB4910      1      1      1      1      1      1      1      3      5      5      5
   NTRB4913      1      1      1      1      1      1      1      2      2      2      2
   CTRB4913      1      1      1      1      1      1      1      3      5      5      5
   ARGB4913      1      1      1      1      1      1      1      4      4      4      4
   NTRB5009      1      1      1      1      1      1      1      2      2      2      2
   CTRB5009      1      1      1      1      1      1      1      3      5      5      5
   TYRB5009      1      1      1      1      1      1      1      2      2      2      2
   NTRB5015      1      1      1      1      1      1      1      2      3      3      2
   CTRB5015      1      1      1      1      1      1      1      3      5      5      5
   GLNB5015      1      1      2      2      2      2      2      2      2      2      2
   _CAB5102      1      1      1      1      1      1      2      3      2      2      2
   Total       357    357    387    387    380    380    371    666    907    907    889
