   Rotamer making statitics:
   Residue   Start  Clean   Swap Rotate   Self  Hbond Repack  Ioni.   TorH     OH  Elect
   NTRB3639      1      1      1      1      1      1      1      2      2      2      2
   THRB3639      1      1      1      1      1      1      1      1      2      2      2
   PROB3640      1      1      1      1      1      1      1      1      1      1      1
   LEUB3641      1      1      1      1      1      1      1      1      1      1      1
   TYRB3642      1      1      1      1      1      1      1      2      3      3      3
   ASNB3643      1      1      2      2      2      2      1      1      1      1      1
   LEUB3644      1      1      1      1      1      1      1      1      1      1      1
   PROB3645      1      1      1      1      1      1      1      1      1      1      1
   THRB3646      1      1      1      1      1      1      1      1      2      2      1
   HISB3647      1      1      2      2      2      2      2      6      6      6      6
   ARGB3648      1      1      1      1      1      1      1      4      4      4      4
   ALAB3649      1      1      1      1      1      1      1      1      1      1      1
   CYSB3650      1      1      1      1      1      1      1      2      4      4      4
   ASNB3651      1      1      2      2      2      2      2      2      2      2      2
   METB3652      1      1      1      1      1      1      1      1      1      1      1
   PHEB3653      1      1      1      1      1      1      1      1      1      1      1
   LEUB3654      1      1      1      1      1      1      1      1      1      1      1
   GLUB3655      1      1      1      1      1      1      1      3      5      5      5
   SERB3656      1      1      1      1      1      1      1      1      1      1      1
   TYRB3657      1      1      1      1      1      1      1      2      2      2      2
   LYSB3658      1      1      1      1      1      1      1      2      2      2      2
   ALAB3659      1      1      1      1      1      1      1      1      1      1      1
   ALAB3660      1      1      1      1      1      1      1      1      1      1      1
   TRPB3661      1      1      1      1      1      1      1      1      1      1      1
   ILEB3662      1      1      1      1      1      1      1      1      1      1      1
   LEUB3663      1      1      1      1      1      1      1      1      1      1      1
   THRB3664      1      1      1      1      1      1      1      1      2      2      2
   GLUB3665      1      1      1      1      1      1      1      3      5      5      5
   ASPB3666      1      1      1      1      1      1      1      3      5      5      5
   HISB3667      1      1      2      2      2      2      2      6      6      6      6
   SERB3668      1      1      1      1      1      1      1      1      2      2      2
   PHEB3669      1      1      1      1      1      1      1      1      1      1      1
   GLUB3670      1      1      1      1      1      1      1      3      5      5      5
   ASPB3671      1      1      1      1      1      1      1      3      5      5      5
   ARGB3672      1      1      1      1      1      1      1      4      4      4      4
   CTRB3672      1      1      1      1      1      1      1      3      5      5      5
   NTRB3679      1      1      1      1      1      1      1      2      2      2      2
   LYSB3679      1      1      1      1      1      1      1      2      2      2      2
   ALAB3680      1      1      1      1      1      1      1      1      1      1      1
   GLYB3681      0      0      0      0      0      0      0      0      0      0      0
   GLUB3682      1      1      1      1      1      1      1      3      5      5      5
   GLNB3683      1      1      2      2      1      1      1      1      1      1      1
   GLUB3684      1      1      1      1      1      1      1      3      5      5      5
   GLUB3685      1      1      1      1      1      1      1      3      5      5      5
   GLUB3686      1      1      1      1      1      1      1      3      5      5      5
   GLUB3687      1      1      1      1      1      1      1      3      5      5      5
   GLUB3688      1      1      1      1      1      1      1      3      5      5      5
   GLUB3689      1      1      1      1      1      1      1      3      5      5      5
   VALB3690      1      1      1      1      1      1      1      1      1      1      1
   GLUB3691      1      1      1      1      1      1      1      3      5      5      5
   GLUB3692      1      1      1      1      1      1      1      3      5      5      5
   CTRB3692      1      1      1      1      1      1      1      3      5      5      5
   NTRB3720      1      1      1      1      1      1      1      2      3      3      3
   CTRB3720      1      1      1      1      1      1      1      3      5      5      5
   TYRB3720      1      1      1      1      1      1      1      2      2      2      2
   NTRB3727      1      1      1      1      1      1      1      2      3      3      3
   CTRB3727      1      1      1      1      1      1      1      3      5      5      5
   ASPB3727      1      1      1      1      1      1      1      3      5      5      5
   NTRB3732      1      1      1      1      1      1      1      2      2      2      2
   SERB3732      1      1      1      1      1      1      1      1      3      3      3
   CYSB3733      1      1      1      1      1      1      1      2      4      4      4
   HISB3734      1      1      2      2      1      1      1      3      3      3      3
   LEUB3735      1      1      1      1      1      1      1      1      1      1      1
   GLUB3736      1      1      1      1      1      1      1      3      5      5      5
   GLUB3737      1      1      1      1      1      1      1      3      5      5      5
   GLYB3738      0      0      0      0      0      0      0      0      0      0      0
   GLYB3739      0      0      0      0      0      0      0      0      0      0      0
   GLUB3740      1      1      1      1      1      1      1      3      5      5      5
   ASNB3741      1      1      2      2      2      2      1      1      1      1      1
   CTRB3741      1      1      1      1      1      1      1      3      5      5      5
   NTRB3747      1      1      1      1      1      1      1      2      2      2      2
   GLUB3747      1      1      1      1      1      1      1      3      5      5      5
   GLUB3748      1      1      1      1      1      1      1      3      5      5      5
   VALB3749      1      1      1      1      1      1      1      1      1      1      1
   GLUB3750      1      1      1      1      1      1      1      3      5      5      5
   VALB3751      1      1      1      1      1      1      1      1      1      1      1
   SERB3752      1      1      1      1      1      1      1      1      2      2      2
   PHEB3753      1      1      1      1      1      1      1      1      1      1      1
   GLUB3754      1      1      1      1      1      1      1      3      5      5      5
   GLUB3755      1      1      1      1      1      1      1      3      5      5      5
   LYSB3756      1      1      1      1      1      1      1      2      2      2      2
   GLUB3757      1      1      1      1      1      1      1      3      5      5      5
   METB3758      1      1      1      1      1      1      1      1      1      1      1
   GLUB3759      1      1      1      1      1      1      1      3      5      5      5
   LYSB3760      1      1      1      1      1      1      1      2      2      2      2
   GLNB3761      1      1      2      2      2      2      2      2      2      2      2
   ARGB3762      1      1      1      1      1      1      1      4      5      5      5
   LEUB3763      1      1      1      1      1      1      1      1      1      1      1
   LEUB3764      1      1      1      1      1      1      1      1      1      1      1
   TYRB3765      1      1      1      1      1      1      1      2      2      2      2
   GLNB3766      1      1      2      2      2      2      2      2      2      2      2
   CTRB3766      1      1      1      1      1      1      1      3      5      5      5
   NTRB3769      1      1      1      1      1      1      1      2      3      3      2
   CTRB3769      1      1      1      1      1      1      1      3      5      5      5
   ARGB3769      1      1      1      1      1      1      1      4      6      6      6
   NTRB3776      1      1      1      1      1      1      1      2      3      3      3
   CTRB3776      1      1      1      1      1      1      1      3      5      5      5
   ALAB3776      1      1      1      1      1      1      1      1      1      1      1
   NTRB3843      1      1      1      1      1      1      1      2      2      2      2
   ASPB3843      1      1      1      1      1      1      1      3      5      5      5
   LEUB3844      1      1      1      1      1      1      1      1      1      1      1
   ASNB3845      1      1      2      2      2      2      2      2      2      2      2
   ALAB3846      1      1      1      1      1      1      1      1      1      1      1
   PHEB3847      1      1      1      1      1      1      1      1      1      1      1
   GLUB3848      1      1      1      1      1      1      1      3      5      5      5
   ARGB3849      1      1      1      1      1      1      1      4      4      4      4
   GLNB3850      1      1      2      2      2      2      1      1      1      1      1
   ASNB3851      1      1      2      2      2      2      2      2      2      2      2
   LYSB3852      1      1      1      1      1      1      1      2      2      2      2
   ALAB3853      1      1      1      1      1      1      1      1      1      1      1
   GLUB3854      1      1      1      1      1      1      1      3      5      5      5
   GLYB3855      0      0      0      0      0      0      0      0      0      0      0
   LEUB3856      1      1      1      1      1      1      1      1      1      1      1
   GLYB3857      0      0      0      0      0      0      0      0      0      0      0
   METB3858      1      1      1      1      1      1      1      1      1      1      1
   VALB3859      1      1      1      1      1      1      1      1      1      1      1
   ASNB3860      1      1      2      2      2      2      1      1      1      1      1
   GLUB3861      1      1      1      1      1      1      1      3      5      5      5
   ASPB3862      1      1      1      1      1      1      1      3      5      5      5
   GLYB3863      0      0      0      0      0      0      0      0      0      0      0
   THRB3864      1      1      1      1      1      1      1      1      2      2      1
   VALB3865      1      1      1      1      1      1      1      1      1      1      1
   ILEB3866      1      1      1      1      1      1      1      1      1      1      1
   ASNB3867      1      1      2      2      1      1      1      1      1      1      1
   ARGB3868      1      1      1      1      1      1      1      4      5      5      5
   GLNB3869      1      1      2      2      1      1      1      1      1      1      1
   ASNB3870      1      1      2      2      1      1      1      1      1      1      1
   GLYB3871      0      0      0      0      0      0      0      0      0      0      0
   GLUB3872      1      1      1      1      1      1      1      3      5      5      5
   LYSB3873      1      1      1      1      1      1      1      2      2      2      2
   VALB3874      1      1      1      1      1      1      1      1      1      1      1
   METB3875      1      1      1      1      1      1      1      1      1      1      1
   ALAB3876      1      1      1      1      1      1      1      1      1      1      1
   ASPB3877      1      1      1      1      1      1      1      3      5      5      5
   ASPB3878      1      1      1      1      1      1      1      3      5      5      5
   GLUB3879      1      1      1      1      1      1      1      3      5      5      5
   PHEB3880      1      1      1      1      1      1      1      1      1      1      1
   CTRB3880      1      1      1      1      1      1      1      3      5      5      5
   NTRB3883      1      1      1      1      1      1      1      2      3      3      3
   CTRB3883      1      1      1      1      1      1      1      3      5      5      5
   ASPB3883      1      1      1      1      1      1      1      3      5      5      5
   NTRB3888      1      1      1      1      1      1      1      2      3      3      3
   CTRB3888      1      1      1      1      1      1      1      3      5      5      5
   LEUB3888      1      1      1      1      1      1      1      1      1      1      1
   NTRB3895      1      1      1      1      1      1      1      2      2      2      2
   CTRB3895      1      1      1      1      1      1      1      3      5      5      5
   HISB3895      1      1      2      2      2      2      2      6      6      6      6
   NTRB3912      1      1      1      1      1      1      1      2      2      2      2
   THRB3912      1      1      1      1      1      1      1      1      3      3      3
   ILEB3913      1      1      1      1      1      1      1      1      1      1      1
   CTRB3913      1      1      1      1      1      1      1      3      5      5      5
   NTRB3916      1      1      1      1      1      1      1      2      2      2      2
   CTRB3916      1      1      1      1      1      1      1      3      5      5      5
   ILEB3916      1      1      1      1      1      1      1      1      1      1      1
   NTRB3936      1      1      1      1      1      1      1      2      2      2      2
   CTRB3936      1      1      1      1      1      1      1      3      5      5      5
   TYRB3936      1      1      1      1      1      1      1      2      3      3      2
   NTRB3940      1      1      1      1      1      1      1      2      2      2      2
   LYSB3940      1      1      1      1      1      1      1      2      2      2      2
   ASPB3941      1      1      1      1      1      1      1      3      5      5      5
   VALB3942      1      1      1      1      1      1      1      1      1      1      1
   ILEB3943      1      1      1      1      1      1      1      1      1      1      1
   GLUB3944      1      1      1      1      1      1      1      3      5      5      5
   GLUB3945      1      1      1      1      1      1      1      3      5      5      5
   GLNB3946      1      1      2      2      2      2      2      2      2      2      2
   GLYB3947      0      0      0      0      0      0      0      0      0      0      0
   LYSB3948      1      1      1      1      1      1      1      2      2      2      2
   ARGB3949      1      1      1      1      1      1      1      4      4      4      4
   ASNB3950      1      1      2      2      2      2      2      2      2      2      2
   CTRB3950      1      1      1      1      1      1      1      3      5      5      5
   NTRB3972      1      1      1      1      1      1      1      2      2      2      2
   CTRB3972      1      1      1      1      1      1      1      3      5      5      5
   PROB3972      1      1      1      1      1      1      1      1      1      1      1
   NTRB3985      1      1      1      1      1      1      1      2      2      2      2
   CTRB3985      1      1      1      1      1      1      1      3      5      5      5
   LEUB3985      1      1      1      1      1      1      1      1      1      1      1
   NTRB4004      1      1      1      1      1      1      1      2      2      2      2
   ALAB4004      1      1      1      1      1      1      1      1      1      1      1
   GLNB4005      1      1      2      2      2      2      2      2      2      2      2
   ASPB4006      1      1      1      1      1      1      1      3      5      5      5
   SERB4007      1      1      1      1      1      1      1      1      2      2      2
   SERB4008      1      1      1      1      1      1      1      1      2      2      2
   GLNB4009      1      1      2      2      2      2      2      2      2      2      2
   ILEB4010      1      1      1      1      1      1      1      1      1      1      1
   GLUB4011      1      1      1      1      1      1      1      3      5      5      5
   CTRB4011      1      1      1      1      1      1      1      3      5      5      5
   NTRB4014      1      1      1      1      1      1      1      2      3      3      3
   CTRB4014      1      1      1      1      1      1      1      3      5      5      5
   LYSB4014      1      1      1      1      1      1      1      2      2      2      2
   NTRB4060      1      1      1      1      1      1      1      2      4      4      4
   CTRB4060      1      1      1      1      1      1      1      3      5      5      5
   LYSB4060      1      1      1      1      1      1      1      2      2      2      2
   NTRB4063      1      1      1      1      1      1      1      2      2      2      2
   ASPB4063      1      1      1      1      1      1      1      3      5      5      5
   METB4064      1      1      1      1      1      1      1      1      1      1      1
   PHEB4065      1      1      1      1      1      1      1      1      1      1      1
   LEUB4066      1      1      1      1      1      1      1      1      1      1      1
   LYSB4067      1      1      1      1      1      1      1      2      2      2      2
   LEUB4068      1      1      1      1      1      1      1      1      1      1      1
   LYSB4069      1      1      1      1      1      1      1      2      2      2      2
   ASPB4070      1      1      1      1      1      1      1      3      5      5      5
   ILEB4071      1      1      1      1      1      1      1      1      1      1      1
   VALB4072      1      1      1      1      1      1      1      1      1      1      1
   GLYB4073      0      0      0      0      0      0      0      0      0      0      0
   SERB4074      1      1      1      1      1      1      1      1      2      2      2
   GLUB4075      1      1      1      1      1      1      1      3      5      5      5
   ALAB4076      1      1      1      1      1      1      1      1      1      1      1
   PHEB4077      1      1      1      1      1      1      1      1      1      1      1
   GLNB4078      1      1      2      2      2      2      1      1      1      1      1
   ASPB4079      1      1      1      1      1      1      1      3      5      5      5
   TYRB4080      1      1      1      1      1      1      1      2      3      3      3
   VALB4081      1      1      1      1      1      1      1      1      1      1      1
   THRB4082      1      1      1      1      1      1      1      1      3      3      2
   ASPB4083      1      1      1      1      1      1      1      3      5      5      5
   PROB4084      1      1      1      1      1      1      1      1      1      1      1
   ARGB4085      1      1      1      1      1      1      1      4      4      4      4
   GLYB4086      0      0      0      0      0      0      0      0      0      0      0
   LEUB4087      1      1      1      1      1      1      1      1      1      1      1
   ILEB4088      1      1      1      1      1      1      1      1      1      1      1
   SERB4089      1      1      1      1      1      1      1      1      3      3      3
   LYSB4090      1      1      1      1      1      1      1      2      2      2      2
   LYSB4091      1      1      1      1      1      1      1      2      2      2      2
   ASPB4092      1      1      1      1      1      1      1      3      5      5      5
   PHEB4093      1      1      1      1      1      1      1      1      1      1      1
   GLNB4094      1      1      2      2      2      2      2      2      2      2      2
   LYSB4095      1      1      1      1      1      1      1      2      2      2      2
   ALAB4096      1      1      1      1      1      1      1      1      1      1      1
   METB4097      1      1      1      1      1      1      1      1      1      1      1
   ASPB4098      1      1      1      1      1      1      1      3      5      5      5
   SERB4099      1      1      1      1      1      1      1      1      2      2      2
   GLNB4100      1      1      2      2      2      2      2      2      2      2      2
   LYSB4101      1      1      1      1      1      1      1      2      2      2      2
   GLNB4102      1      1      2      2      2      2      2      2      2      2      2
   PHEB4103      1      1      1      1      1      1      1      1      1      1      1
   THRB4104      1      1      1      1      1      1      1      1      3      3      3
   GLYB4105      0      0      0      0      0      0      0      0      0      0      0
   PROB4106      1      1      1      1      1      1      1      1      1      1      1
   GLUB4107      1      1      1      1      1      1      1      3      5      5      5
   ILEB4108      1      1      1      1      1      1      1      1      1      1      1
   GLNB4109      1      1      2      2      2      2      2      2      2      2      2
   PHEB4110      1      1      1      1      1      1      1      1      1      1      1
   LEUB4111      1      1      1      1      1      1      1      1      1      1      1
   LEUB4112      1      1      1      1      1      1      1      1      1      1      1
   SERB4113      1      1      1      1      1      1      1      1      2      2      2
   CYSB4114      1      1      1      1      1      1      1      2      4      4      4
   SERB4115      1      1      1      1      1      1      1      1      2      2      2
   GLUB4116      1      1      1      1      1      1      1      3      5      5      5
   ALAB4117      1      1      1      1      1      1      1      1      1      1      1
   ASPB4118      1      1      1      1      1      1      1      3      5      5      5
   GLUB4119      1      1      1      1      1      1      1      3      5      5      5
   ASNB4120      1      1      2      2      2      2      2      2      2      2      2
   GLUB4121      1      1      1      1      1      1      1      3      5      5      5
   METB4122      1      1      1      1      1      1      1      1      1      1      1
   ILEB4123      1      1      1      1      1      1      1      1      1      1      1
   ASNB4124      1      1      2      2      2      2      2      2      2      2      2
   PHEB4125      1      1      1      1      1      1      1      1      1      1      1
   GLUB4126      1      1      1      1      1      1      1      3      5      5      5
   GLUB4127      1      1      1      1      1      1      1      3      5      5      5
   PHEB4128      1      1      1      1      1      1      1      1      1      1      1
   ALAB4129      1      1      1      1      1      1      1      1      1      1      1
   ASNB4130      1      1      2      2      2      2      2      2      2      2      2
   ARGB4131      1      1      1      1      1      1      1      4      4      4      4
   PHEB4132      1      1      1      1      1      1      1      1      1      1      1
   GLNB4133      1      1      2      2      2      2      2      2      2      2      2
   GLUB4134      1      1      1      1      1      1      1      3      5      5      5
   PROB4135      1      1      1      1      1      1      1      1      1      1      1
   CTRB4135      1      1      1      1      1      1      1      3      5      5      5
   NTRB4251      1      1      1      1      1      1      1      2      2      2      2
   ILEB4251      1      1      1      1      1      1      1      1      1      1      1
   SERB4252      1      1      1      1      1      1      1      1      2      2      2
   GLUB4253      1      1      1      1      1      1      1      3      5      5      5
   CTRB4253      1      1      1      1      1      1      1      3      5      5      5
   NTRB4540      1      1      1      1      1      1      1      2      2      2      2
   PHEB4540      1      1      1      1      1      1      1      1      1      1      1
   TRPB4541      1      1      1      1      1      1      1      1      1      1      1
   GLYB4542      0      0      0      0      0      0      0      0      0      0      0
   GLUB4543      1      1      1      1      1      1      1      3      5      5      5
   LEUB4544      1      1      1      1      1      1      1      1      1      1      1
   GLUB4545      1      1      1      1      1      1      1      3      5      5      5
   VALB4546      1      1      1      1      1      1      1      1      1      1      1
   GLNB4547      1      1      2      2      2      2      2      2      2      2      2
   ARGB4548      1      1      1      1      1      1      1      4      4      4      4
   VALB4549      1      1      1      1      1      1      1      1      1      1      1
   LYSB4550      1      1      1      1      1      1      1      2      2      2      2
   PHEB4551      1      1      1      1      1      1      1      1      1      1      1
   LEUB4552      1      1      1      1      1      1      1      1      1      1      1
   ASNB4553      1      1      2      2      2      2      2      2      2      2      2
   TYRB4554      1      1      1      1      1      1      1      2      2      2      2
   LEUB4555      1      1      1      1      1      1      1      1      1      1      1
   SERB4556      1      1      1      1      1      1      1      1      2      2      2
   ARGB4557      1      1      1      1      1      1      1      4      5      5      5
   CTRB4557      1      1      1      1      1      1      1      3      5      5      5
   NTRB4560      1      1      1      1      1      1      1      2      2      2      2
   TYRB4560      1      1      1      1      1      1      1      2      3      3      2
   THRB4561      1      1      1      1      1      1      1      1      2      2      2
   LEUB4562      1      1      1      1      1      1      1      1      1      1      1
   ARGB4563      1      1      1      1      1      1      1      4      6      6      6
   PHEB4564      1      1      1      1      1      1      1      1      1      1      1
   LEUB4565      1      1      1      1      1      1      1      1      1      1      1
   ALAB4566      1      1      1      1      1      1      1      1      1      1      1
   LEUB4567      1      1      1      1      1      1      1      1      1      1      1
   PHEB4568      1      1      1      1      1      1      1      1      1      1      1
   LEUB4569      1      1      1      1      1      1      1      1      1      1      1
   ALAB4570      1      1      1      1      1      1      1      1      1      1      1
   PHEB4571      1      1      1      1      1      1      1      1      1      1      1
   ALAB4572      1      1      1      1      1      1      1      1      1      1      1
   ILEB4573      1      1      1      1      1      1      1      1      1      1      1
   ASNB4574      1      1      2      2      2      2      2      2      2      2      2
   PHEB4575      1      1      1      1      1      1      1      1      1      1      1
   ILEB4576      1      1      1      1      1      1      1      1      1      1      1
   LEUB4577      1      1      1      1      1      1      1      1      1      1      1
   LEUB4578      1      1      1      1      1      1      1      1      1      1      1
   PHEB4579      1      1      1      1      1      1      1      1      1      1      1
   TYRB4580      1      1      1      1      1      1      1      2      2      2      2
   LYSB4581      1      1      1      1      1      1      1      2      2      2      2
   VALB4582      1      1      1      1      1      1      1      1      1      1      1
   SERB4583      1      1      1      1      1      1      1      1      3      3      2
   ASPB4584      1      1      1      1      1      1      1      3      5      5      5
   SERB4585      1      1      1      1      1      1      1      1      2      2      2
   PROB4586      1      1      1      1      1      1      1      1      1      1      1
   PROB4587      1      1      1      1      1      1      1      1      1      1      1
   CTRB4587      1      1      1      1      1      1      1      3      5      5      5
   NTRB4626      1      1      1      1      1      1      1      2      2      2      2
   ASNB4626      1      1      2      2      1      1      1      1      1      1      1
   METB4627      1      1      1      1      1      1      1      1      1      1      1
   VALB4628      1      1      1      1      1      1      1      1      1      1      1
   TYRB4629      1      1      1      1      1      1      1      2      3      3      2
   TYRB4630      1      1      1      1      1      1      1      2      3      3      2
   PHEB4631      1      1      1      1      1      1      1      1      1      1      1
   LEUB4632      1      1      1      1      1      1      1      1      1      1      1
   GLUB4633      1      1      1      1      1      1      1      3      5      5      5
   GLUB4634      1      1      1      1      1      1      1      3      5      5      5
   SERB4635      1      1      1      1      1      1      1      1      2      2      1
   THRB4636      1      1      1      1      1      1      1      1      3      3      3
   GLYB4637      0      0      0      0      0      0      0      0      0      0      0
   TYRB4638      1      1      1      1      1      1      1      2      3      3      3
   METB4639      1      1      1      1      1      1      1      1      1      1      1
   GLUB4640      1      1      1      1      1      1      1      3      5      5      5
   PROB4641      1      1      1      1      1      1      1      1      1      1      1
   ALAB4642      1      1      1      1      1      1      1      1      1      1      1
   LEUB4643      1      1      1      1      1      1      1      1      1      1      1
   TRPB4644      1      1      1      1      1      1      1      1      1      1      1
   CYSB4645      1      1      1      1      1      1      1      2      4      4      4
   LEUB4646      1      1      1      1      1      1      1      1      1      1      1
   SERB4647      1      1      1      1      1      1      1      1      2      2      2
   LEUB4648      1      1      1      1      1      1      1      1      1      1      1
   LEUB4649      1      1      1      1      1      1      1      1      1      1      1
   HISB4650      1      1      2      2      2      2      1      3      3      3      3
   THRB4651      1      1      1      1      1      1      1      1      2      2      2
   LEUB4652      1      1      1      1      1      1      1      1      1      1      1
   VALB4653      1      1      1      1      1      1      1      1      1      1      1
   ALAB4654      1      1      1      1      1      1      1      1      1      1      1
   PHEB4655      1      1      1      1      1      1      1      1      1      1      1
   LEUB4656      1      1      1      1      1      1      1      1      1      1      1
   CYSB4657      1      1      1      1      1      1      1      2      4      4      4
   ILEB4658      1      1      1      1      1      1      1      1      1      1      1
   ILEB4659      1      1      1      1      1      1      1      1      1      1      1
   GLYB4660      0      0      0      0      0      0      0      0      0      0      0
   TYRB4661      1      1      1      1      1      1      1      2      2      2      2
   ASNB4662      1      1      2      2      2      2      2      2      2      2      2
   CYSB4663      1      1      1      1      1      1      1      2      4      4      4
   CTRB4663      1      1      1      1      1      1      1      3      5      5      5
   NTRB4680      1      1      1      1      1      1      1      2      2      2      2
   LYSB4680      1      1      1      1      1      1      1      2      2      2      2
   LEUB4681      1      1      1      1      1      1      1      1      1      1      1
   GLUB4682      1      1      1      1      1      1      1      3      5      5      5
   PHEB4683      1      1      1      1      1      1      1      1      1      1      1
   ASPB4684      1      1      1      1      1      1      1      3      5      5      5
   GLYB4685      0      0      0      0      0      0      0      0      0      0      0
   LEUB4686      1      1      1      1      1      1      1      1      1      1      1
   TYRB4687      1      1      1      1      1      1      1      2      2      2      2
   ILEB4688      1      1      1      1      1      1      1      1      1      1      1
   THRB4689      1      1      1      1      1      1      1      1      2      2      1
   GLUB4690      1      1      1      1      1      1      1      3      5      5      5
   GLNB4691      1      1      2      2      2      2      2      2      2      2      2
   PROB4692      1      1      1      1      1      1      1      1      1      1      1
   GLYB4693      0      0      0      0      0      0      0      0      0      0      0
   ASPB4694      1      1      1      1      1      1      1      3      5      5      5
   ASPB4695      1      1      1      1      1      1      1      3      5      5      5
   ASPB4696      1      1      1      1      1      1      1      3      5      5      5
   VALB4697      1      1      1      1      1      1      1      1      1      1      1
   LYSB4698      1      1      1      1      1      1      1      2      2      2      2
   GLYB4699      0      0      0      0      0      0      0      0      0      0      0
   GLNB4700      1      1      2      2      2      2      2      2      2      2      2
   TRPB4701      1      1      1      1      1      1      1      1      1      1      1
   ASPB4702      1      1      1      1      1      1      1      3      5      5      5
   ARGB4703      1      1      1      1      1      1      1      4      4      4      4
   LEUB4704      1      1      1      1      1      1      1      1      1      1      1
   VALB4705      1      1      1      1      1      1      1      1      1      1      1
   LEUB4706      1      1      1      1      1      1      1      1      1      1      1
   ASNB4707      1      1      2      2      2      2      2      2      2      2      2
   THRB4708      1      1      1      1      1      1      1      1      2      2      2
   PROB4709      1      1      1      1      1      1      1      1      1      1      1
   SERB4710      1      1      1      1      1      1      1      1      3      3      3
   PHEB4711      1      1      1      1      1      1      1      1      1      1      1
   PROB4712      1      1      1      1      1      1      1      1      1      1      1
   CTRB4712      1      1      1      1      1      1      1      3      5      5      5
   NTRB4721      1      1      1      1      1      1      1      2      2      2      2
   CTRB4721      1      1      1      1      1      1      1      3      5      5      5
   LYSB4721      1      1      1      1      1      1      1      2      2      2      2
   NTRB4724      1      1      1      1      1      1      1      2      2      2      2
   VALB4724      1      1      1      1      1      1      1      1      1      1      1
   LEUB4725      1      1      1      1      1      1      1      1      1      1      1
   ASPB4726      1      1      1      1      1      1      1      3      5      5      5
   LYSB4727      1      1      1      1      1      1      1      2      2      2      2
   HISB4728      1      1      2      2      2      2      2      6      6      6      6
   GLYB4729      0      0      0      0      0      0      0      0      0      0      0
   ASPB4730      1      1      1      1      1      1      1      3      5      5      5
   ILEB4731      1      1      1      1      1      1      1      1      1      1      1
   PHEB4732      1      1      1      1      1      1      1      1      1      1      1
   GLYB4733      0      0      0      0      0      0      0      0      0      0      0
   ARGB4734      1      1      1      1      1      1      1      4      4      4      4
   GLUB4735      1      1      1      1      1      1      1      3      5      5      5
   ARGB4736      1      1      1      1      1      1      1      4      4      4      4
   ILEB4737      1      1      1      1      1      1      1      1      1      1      1
   ALAB4738      1      1      1      1      1      1      1      1      1      1      1
   GLUB4739      1      1      1      1      1      1      1      3      5      5      5
   LEUB4740      1      1      1      1      1      1      1      1      1      1      1
   LEUB4741      1      1      1      1      1      1      1      1      1      1      1
   GLYB4742      0      0      0      0      0      0      0      0      0      0      0
   METB4743      1      1      1      1      1      1      1      1      1      1      1
   ASPB4744      1      1      1      1      1      1      1      3      5      5      5
   LEUB4745      1      1      1      1      1      1      1      1      1      1      1
   ALAB4746      1      1      1      1      1      1      1      1      1      1      1
   SERB4747      1      1      1      1      1      1      1      1      2      2      2
   LEUB4748      1      1      1      1      1      1      1      1      1      1      1
   GLUB4749      1      1      1      1      1      1      1      3      5      5      5
   ILEB4750      1      1      1      1      1      1      1      1      1      1      1
   THRB4751      1      1      1      1      1      1      1      1      2      2      1
   ALAB4752      1      1      1      1      1      1      1      1      1      1      1
   HISB4753      1      1      2      2      1      1      1      3      3      3      3
   ASNB4754      1      1      2      2      2      2      2      2      2      2      2
   GLUB4755      1      1      1      1      1      1      1      3      5      5      5
   ARGB4756      1      1      1      1      1      1      1      4      5      5      5
   LYSB4757      1      1      1      1      1      1      1      2      2      2      2
   PROB4758      1      1      1      1      1      1      1      1      1      1      1
   ASPB4759      1      1      1      1      1      1      1      3      5      5      5
   PROB4760      1      1      1      1      1      1      1      1      1      1      1
   PROB4761      1      1      1      1      1      1      1      1      1      1      1
   PROB4762      1      1      1      1      1      1      1      1      1      1      1
   GLYB4763      0      0      0      0      0      0      0      0      0      0      0
   LEUB4764      1      1      1      1      1      1      1      1      1      1      1
   LEUB4765      1      1      1      1      1      1      1      1      1      1      1
   THRB4766      1      1      1      1      1      1      1      1      2      2      2
   TRPB4767      1      1      1      1      1      1      1      1      1      1      1
   LEUB4768      1      1      1      1      1      1      1      1      1      1      1
   METB4769      1      1      1      1      1      1      1      1      1      1      1
   SERB4770      1      1      1      1      1      1      1      1      2      2      1
   ILEB4771      1      1      1      1      1      1      1      1      1      1      1
   ASPB4772      1      1      1      1      1      1      1      3      5      5      5
   VALB4773      1      1      1      1      1      1      1      1      1      1      1
   LYSB4774      1      1      1      1      1      1      1      2      2      2      2
   TYRB4775      1      1      1      1      1      1      1      2      2      2      2
   GLNB4776      1      1      2      2      2      2      2      2      2      2      2
   ILEB4777      1      1      1      1      1      1      1      1      1      1      1
   TRPB4778      1      1      1      1      1      1      1      1      1      1      1
   LYSB4779      1      1      1      1      1      1      1      2      2      2      2
   PHEB4780      1      1      1      1      1      1      1      1      1      1      1
   GLYB4781      0      0      0      0      0      0      0      0      0      0      0
   VALB4782      1      1      1      1      1      1      1      1      1      1      1
   ILEB4783      1      1      1      1      1      1      1      1      1      1      1
   PHEB4784      1      1      1      1      1      1      1      1      1      1      1
   THRB4785      1      1      1      1      1      1      1      1      3      3      2
   ASPB4786      1      1      1      1      1      1      1      3      5      5      5
   ASNB4787      1      1      2      2      2      2      2      2      2      2      2
   SERB4788      1      1      1      1      1      1      1      1      2      2      2
   PHEB4789      1      1      1      1      1      1      1      1      1      1      1
   LEUB4790      1      1      1      1      1      1      1      1      1      1      1
   TYRB4791      1      1      1      1      1      1      1      2      3      3      3
   LEUB4792      1      1      1      1      1      1      1      1      1      1      1
   GLYB4793      0      0      0      0      0      0      0      0      0      0      0
   TRPB4794      1      1      1      1      1      1      1      1      1      1      1
   TYRB4795      1      1      1      1      1      1      1      2      3      3      3
   METB4796      1      1      1      1      1      1      1      1      1      1      1
   VALB4797      1      1      1      1      1      1      1      1      1      1      1
   METB4798      1      1      1      1      1      1      1      1      1      1      1
   SERB4799      1      1      1      1      1      1      1      1      3      3      3
   LEUB4800      1      1      1      1      1      1      1      1      1      1      1
   LEUB4801      1      1      1      1      1      1      1      1      1      1      1
   GLYB4802      0      0      0      0      0      0      0      0      0      0      0
   HISB4803      1      1      2      2      2      2      2      6      6      6      6
   TYRB4804      1      1      1      1      1      1      1      2      2      2      2
   ASNB4805      1      1      2      2      2      2      2      2      2      2      2
   ASNB4806      1      1      2      2      2      2      2      2      2      2      2
   PHEB4807      1      1      1      1      1      1      1      1      1      1      1
   PHEB4808      1      1      1      1      1      1      1      1      1      1      1
   PHEB4809      1      1      1      1      1      1      1      1      1      1      1
   ALAB4810      1      1      1      1      1      1      1      1      1      1      1
   ALAB4811      1      1      1      1      1      1      1      1      1      1      1
   HISB4812      1      1      2      2      1      1      1      3      3      3      3
   LEUB4813      1      1      1      1      1      1      1      1      1      1      1
   LEUB4814      1      1      1      1      1      1      1      1      1      1      1
   ASPB4815      1      1      1      1      1      1      1      3      5      5      5
   ILEB4816      1      1      1      1      1      1      1      1      1      1      1
   CTRB4816      1      1      1      1      1      1      1      3      5      5      5
   NTRB4852      1      1      1      1      1      1      1      2      2      2      2
   THRB4852      1      1      1      1      1      1      1      1      3      3      3
   VALB4853      1      1      1      1      1      1      1      1      1      1      1
   VALB4854      1      1      1      1      1      1      1      1      1      1      1
   ALAB4855      1      1      1      1      1      1      1      1      1      1      1
   PHEB4856      1      1      1      1      1      1      1      1      1      1      1
   ASNB4857      1      1      2      2      2      2      2      2      2      2      2
   PHEB4858      1      1      1      1      1      1      1      1      1      1      1
   PHEB4859      1      1      1      1      1      1      1      1      1      1      1
   ARGB4860      1      1      1      1      1      1      1      4      4      4      4
   LYSB4861      1      1      1      1      1      1      1      2      2      2      2
   PHEB4862      1      1      1      1      1      1      1      1      1      1      1
   TYRB4863      1      1      1      1      1      1      1      2      3      3      3
   ASNB4864      1      1      2      2      2      2      2      2      2      2      2
   LYSB4865      1      1      1      1      1      1      1      2      2      2      2
   SERB4866      1      1      1      1      1      1      1      1      1      1      1
   GLUB4867      1      1      1      1      1      1      1      3      5      5      5
   ASPB4868      1      1      1      1      1      1      1      3      5      5      5
   GLUB4869      1      1      1      1      1      1      1      3      5      5      5
   ASPB4870      1      1      1      1      1      1      1      3      5      5      5
   GLUB4871      1      1      1      1      1      1      1      3      5      5      5
   CTRB4871      1      1      1      1      1      1      1      3      5      5      5
   NTRB4872      1      1      1      1      1      1      1      2      2      2      2
   PROB4872      1      1      1      1      1      1      1      1      1      1      1
   ASPB4873      1      1      1      1      1      1      1      3      5      5      5
   METB4874      1      1      1      1      1      1      1      1      1      1      1
   LYSB4875      1      1      1      1      1      1      1      2      2      2      2
   CYSB4876      1      1      1      1      1      1      1      2      4      4      4
   ASPB4877      1      1      1      1      1      1      1      3      5      5      5
   ASPB4878      1      1      1      1      1      1      1      3      5      5      5
   METB4879      1      1      1      1      1      1      1      1      1      1      1
   METB4880      1      1      1      1      1      1      1      1      1      1      1
   THRB4881      1      1      1      1      1      1      1      1      3      3      3
   CYSB4882      1      1      1      1      1      1      1      2      4      4      4
   TYRB4883      1      1      1      1      1      1      1      2      2      2      2
   LEUB4884      1      1      1      1      1      1      1      1      1      1      1
   PHEB4885      1      1      1      1      1      1      1      1      1      1      1
   HISB4886      1      1      2      2      2      2      2      6      6      6      6
   METB4887      1      1      1      1      1      1      1      1      1      1      1
   CTRB4887      1      1      1      1      1      1      1      3      5      5      5
   NTRB4891      1      1      1      1      1      1      1      2      3      3      3
   CTRB4891      1      1      1      1      1      1      1      3      5      5      5
   VALB4891      1      1      1      1      1      1      1      1      1      1      1
   NTRB4897      1      1      1      1      1      1      1      2      2      2      2
   ILEB4897      1      1      1      1      1      1      1      1      1      1      1
   GLYB4898      0      0      0      0      0      0      0      0      0      0      0
   ASPB4899      1      1      1      1      1      1      1      3      5      5      5
   GLUB4900      1      1      1      1      1      1      1      3      5      5      5
   ILEB4901      1      1      1      1      1      1      1      1      1      1      1
   GLUB4902      1      1      1      1      1      1      1      3      5      5      5
   ASPB4903      1      1      1      1      1      1      1      3      5      5      5
   PROB4904      1      1      1      1      1      1      1      1      1      1      1
   ALAB4905      1      1      1      1      1      1      1      1      1      1      1
   GLYB4906      0      0      0      0      0      0      0      0      0      0      0
   ASPB4907      1      1      1      1      1      1      1      3      5      5      5
   GLUB4908      1      1      1      1      1      1      1      3      5      5      5
   TYRB4909      1      1      1      1      1      1      1      2      2      2      2
   GLUB4910      1      1      1      1      1      1      1      3      5      5      5
   LEUB4911      1      1      1      1      1      1      1      1      1      1      1
   TYRB4912      1      1      1      1      1      1      1      2      2      2      2
   ARGB4913      1      1      1      1      1      1      1      4      4      4      4
   VALB4914      1      1      1      1      1      1      1      1      1      1      1
   VALB4915      1      1      1      1      1      1      1      1      1      1      1
   PHEB4916      1      1      1      1      1      1      1      1      1      1      1
   ASPB4917      1      1      1      1      1      1      1      3      5      5      5
   ILEB4918      1      1      1      1      1      1      1      1      1      1      1
   CTRB4918      1      1      1      1      1      1      1      3      5      5      5
   NTRB4955      1      1      1      1      1      1      1      2      2      2      2
   GLUB4955      1      1      1      1      1      1      1      3      5      5      5
   THRB4956      1      1      1      1      1      1      1      1      2      2      2
   CTRB4956      1      1      1      1      1      1      1      3      5      5      5
   NTGB4962      1      1      1      1      1      1      1      2      2      2      2
   CTRB4962      1      1      1      1      1      1      1      3      5      5      5
   NTRB4975      1      1      1      1      1      1      1      2      3      3      2
   CTRB4975      1      1      1      1      1      1      1      3      5      5      5
   PHEB4975      1      1      1      1      1      1      1      1      1      1      1
   NTRB5020      1      1      1      1      1      1      1      2      2      2      2
   ASPB5020      1      1      1      1      1      1      1      3      5      5      5
   PHEB5021      1      1      1      1      1      1      1      1      1      1      1
   CTRB5021      1      1      1      1      1      1      1      3      5      5      5
   _CAB5102      1      1      1      1      1      1      2      3      2      2      2
   Total       550    550    601    601    593    593    588   1040   1405   1405   1390
