 ph              0.0   1.0   2.0   3.0   4.0   5.0   6.0   7.0   8.0   9.0  10.0  11.0  12.0  13.0  14.0
NTR01B3639_001 0.000 0.000 0.000 0.000 0.000 0.002 0.018 0.140 0.619 0.936 0.993 0.999 1.000 1.000 1.000
NTR+1B3639_002 1.000 1.000 1.000 1.000 1.000 0.998 0.982 0.860 0.381 0.064 0.007 0.001 0.000 0.000 0.000
THR01B3639_001 1.000 1.000 1.000 1.000 1.000 1.000 1.000 1.000 1.000 1.000 1.000 1.000 1.000 1.000 1.000
PRO01B3640_001 1.000 1.000 1.000 1.000 1.000 1.000 1.000 1.000 1.000 1.000 1.000 1.000 1.000 1.000 1.000
LEU01B3641_001 1.000 1.000 1.000 1.000 1.000 1.000 1.000 1.000 1.000 1.000 1.000 1.000 1.000 1.000 1.000
TYR01B3642_001 1.000 1.000 1.000 1.000 1.000 1.000 1.000 0.996 0.966 0.765 0.245 0.034 0.004 0.000 0.000
TYR-1B3642_002 0.000 0.000 0.000 0.000 0.000 0.000 0.000 0.004 0.034 0.235 0.755 0.966 0.996 1.000 1.000
ASN01B3643_001 1.000 1.000 1.000 1.000 1.000 1.000 1.000 1.000 1.000 1.000 1.000 1.000 1.000 1.000 1.000
LEU01B3644_001 1.000 1.000 1.000 1.000 1.000 1.000 1.000 1.000 1.000 1.000 1.000 1.000 1.000 1.000 1.000
PRO01B3645_001 1.000 1.000 1.000 1.000 1.000 1.000 1.000 1.000 1.000 1.000 1.000 1.000 1.000 1.000 1.000
THR01B3646_001 0.230 0.230 0.221 0.224 0.228 0.225 0.225 0.229 0.228 0.232 0.240 0.244 0.244 0.242 0.249
THR01B3646_002 0.770 0.770 0.779 0.776 0.772 0.775 0.775 0.771 0.772 0.768 0.760 0.756 0.756 0.758 0.751
HIS01B3647_001 0.000 0.000 0.000 0.001 0.007 0.048 0.201 0.307 0.335 0.325 0.320 0.326 0.322 0.329 0.348
HIS01B3647_002 0.000 0.000 0.000 0.000 0.005 0.033 0.135 0.203 0.212 0.216 0.211 0.213 0.210 0.209 0.209
HIS02B3647_003 0.000 0.000 0.000 0.001 0.004 0.027 0.105 0.156 0.160 0.167 0.172 0.169 0.173 0.168 0.152
HIS02B3647_004 0.000 0.000 0.000 0.000 0.005 0.042 0.173 0.266 0.284 0.292 0.298 0.292 0.295 0.293 0.291
HIS+1B3647_005 0.167 0.167 0.164 0.177 0.160 0.142 0.062 0.011 0.000 0.000 0.000 0.000 0.000 0.000 0.000
HIS+1B3647_006 0.833 0.833 0.836 0.821 0.820 0.708 0.324 0.056 0.010 0.000 0.000 0.000 0.000 0.000 0.000
ARG01B3648_001 0.000 0.000 0.000 0.000 0.000 0.000 0.000 0.000 0.000 0.000 0.000 0.009 0.030 0.212 0.514
ARG02B3648_002 0.000 0.000 0.000 0.000 0.000 0.000 0.000 0.000 0.000 0.000 0.000 0.000 0.008 0.045 0.109
ARG03B3648_003 0.000 0.000 0.000 0.000 0.000 0.000 0.000 0.000 0.000 0.000 0.000 0.000 0.016 0.098 0.227
ARG+1B3648_004 1.000 1.000 1.000 1.000 1.000 1.000 1.000 1.000 1.000 1.000 1.000 0.991 0.947 0.645 0.150
ALA01B3649_001 1.000 1.000 1.000 1.000 1.000 1.000 1.000 1.000 1.000 1.000 1.000 1.000 1.000 1.000 1.000
CYS01B3650_001 0.288 0.283 0.286 0.285 0.285 0.294 0.294 0.285 0.242 0.089 0.012 0.001 0.000 0.000 0.000
CYS01B3650_002 0.370 0.375 0.368 0.374 0.371 0.368 0.359 0.350 0.297 0.114 0.018 0.002 0.000 0.000 0.000
CYS01B3650_003 0.341 0.343 0.346 0.340 0.344 0.338 0.344 0.342 0.278 0.107 0.015 0.002 0.000 0.000 0.000
CYS-1B3650_004 0.000 0.000 0.000 0.000 0.000 0.000 0.003 0.022 0.183 0.690 0.955 0.995 1.000 1.000 1.000
ASN01B3651_001 0.307 0.307 0.307 0.306 0.302 0.303 0.343 0.384 0.377 0.343 0.332 0.333 0.321 0.329 0.355
ASN01B3651_002 0.693 0.693 0.693 0.694 0.698 0.697 0.657 0.616 0.623 0.657 0.668 0.667 0.679 0.671 0.645
MET01B3652_001 1.000 1.000 1.000 1.000 1.000 1.000 1.000 1.000 1.000 1.000 1.000 1.000 1.000 1.000 1.000
PHE01B3653_001 1.000 1.000 1.000 1.000 1.000 1.000 1.000 1.000 1.000 1.000 1.000 1.000 1.000 1.000 1.000
LEU01B3654_001 1.000 1.000 1.000 1.000 1.000 1.000 1.000 1.000 1.000 1.000 1.000 1.000 1.000 1.000 1.000
GLU01B3655_001 0.033 0.033 0.031 0.030 0.019 0.005 0.000 0.000 0.000 0.000 0.000 0.000 0.000 0.000 0.000
GLU01B3655_002 0.782 0.786 0.798 0.738 0.499 0.134 0.021 0.003 0.000 0.000 0.000 0.000 0.000 0.000 0.000
GLU02B3655_003 0.006 0.007 0.006 0.007 0.004 0.001 0.000 0.000 0.000 0.000 0.000 0.000 0.000 0.000 0.000
GLU02B3655_004 0.179 0.174 0.164 0.162 0.108 0.028 0.005 0.000 0.000 0.000 0.000 0.000 0.000 0.000 0.000
GLU-1B3655_005 0.000 0.000 0.000 0.064 0.371 0.833 0.974 0.997 1.000 1.000 1.000 1.000 1.000 1.000 1.000
SER01B3656_001 1.000 1.000 1.000 1.000 1.000 1.000 1.000 1.000 1.000 1.000 1.000 1.000 1.000 1.000 1.000
TYR01B3657_001 1.000 1.000 1.000 1.000 1.000 1.000 1.000 1.000 1.000 0.993 0.950 0.664 0.174 0.020 0.000
TYR-1B3657_002 0.000 0.000 0.000 0.000 0.000 0.000 0.000 0.000 0.000 0.007 0.050 0.336 0.826 0.980 1.000
LYS01B3658_001 0.000 0.000 0.000 0.000 0.000 0.000 0.000 0.000 0.000 0.011 0.094 0.497 0.907 0.988 1.000
LYS+1B3658_002 1.000 1.000 1.000 1.000 1.000 1.000 1.000 1.000 1.000 0.989 0.906 0.503 0.093 0.012 0.000
ALA01B3659_001 1.000 1.000 1.000 1.000 1.000 1.000 1.000 1.000 1.000 1.000 1.000 1.000 1.000 1.000 1.000
ALA01B3660_001 1.000 1.000 1.000 1.000 1.000 1.000 1.000 1.000 1.000 1.000 1.000 1.000 1.000 1.000 1.000
TRP01B3661_001 1.000 1.000 1.000 1.000 1.000 1.000 1.000 1.000 1.000 1.000 1.000 1.000 1.000 1.000 1.000
ILE01B3662_001 1.000 1.000 1.000 1.000 1.000 1.000 1.000 1.000 1.000 1.000 1.000 1.000 1.000 1.000 1.000
LEU01B3663_001 1.000 1.000 1.000 1.000 1.000 1.000 1.000 1.000 1.000 1.000 1.000 1.000 1.000 1.000 1.000
THR01B3664_001 1.000 1.000 1.000 1.000 1.000 1.000 1.000 1.000 1.000 1.000 1.000 1.000 1.000 1.000 1.000
GLU01B3665_001 0.025 0.024 0.025 0.018 0.007 0.001 0.000 0.000 0.000 0.000 0.000 0.000 0.000 0.000 0.000
GLU01B3665_002 0.462 0.453 0.446 0.332 0.129 0.023 0.004 0.000 0.000 0.000 0.000 0.000 0.000 0.000 0.000
GLU02B3665_003 0.000 0.000 0.000 0.000 0.000 0.000 0.000 0.000 0.000 0.000 0.000 0.000 0.000 0.000 0.000
GLU02B3665_004 0.513 0.517 0.486 0.381 0.154 0.029 0.005 0.000 0.000 0.000 0.000 0.000 0.000 0.000 0.000
GLU-1B3665_005 0.000 0.005 0.043 0.268 0.710 0.946 0.991 1.000 1.000 1.000 1.000 1.000 1.000 1.000 1.000
ASP01B3666_001 0.039 0.041 0.035 0.024 0.009 0.002 0.000 0.000 0.000 0.000 0.000 0.000 0.000 0.000 0.000
ASP01B3666_002 0.678 0.675 0.636 0.434 0.147 0.029 0.009 0.000 0.000 0.000 0.000 0.000 0.000 0.000 0.000
ASP02B3666_003 0.000 0.000 0.000 0.000 0.000 0.000 0.000 0.000 0.000 0.000 0.000 0.000 0.000 0.000 0.000
ASP02B3666_004 0.283 0.277 0.269 0.182 0.064 0.014 0.000 0.000 0.000 0.000 0.000 0.000 0.000 0.000 0.000
ASP-1B3666_005 0.000 0.007 0.060 0.360 0.780 0.955 0.991 1.000 1.000 1.000 1.000 1.000 1.000 1.000 1.000
HIS01B3667_001 0.000 0.000 0.000 0.000 0.000 0.000 0.001 0.004 0.023 0.064 0.080 0.080 0.083 0.081 0.082
HIS02B3667_002 0.000 0.000 0.000 0.000 0.000 0.001 0.007 0.050 0.278 0.714 0.888 0.920 0.917 0.919 0.918
HIS+1B3667_003 1.000 1.000 1.000 1.000 1.000 0.999 0.992 0.946 0.700 0.222 0.032 0.000 0.000 0.000 0.000
SER01B3668_001 0.243 0.246 0.258 0.359 0.506 0.576 0.602 0.606 0.613 0.610 0.607 0.613 0.619 0.608 0.620
SER01B3668_002 0.252 0.251 0.240 0.220 0.191 0.210 0.228 0.231 0.232 0.232 0.236 0.233 0.225 0.231 0.228
SER01B3668_003 0.505 0.503 0.502 0.422 0.303 0.214 0.170 0.163 0.155 0.159 0.157 0.154 0.155 0.160 0.152
CTR01B3668_001 0.010 0.009 0.009 0.009 0.006 0.003 0.000 0.000 0.000 0.000 0.000 0.000 0.000 0.000 0.000
CTR01B3668_002 0.418 0.413 0.415 0.379 0.295 0.121 0.023 0.000 0.001 0.000 0.000 0.000 0.000 0.000 0.000
CTR02B3668_003 0.000 0.005 0.006 0.006 0.005 0.003 0.000 0.000 0.000 0.000 0.000 0.000 0.000 0.000 0.000
CTR02B3668_004 0.572 0.573 0.562 0.550 0.441 0.187 0.034 0.008 0.000 0.000 0.000 0.000 0.000 0.000 0.000
CTR-1B3668_005 0.000 0.000 0.008 0.055 0.252 0.688 0.943 0.992 0.999 1.000 1.000 1.000 1.000 1.000 1.000
NTR01B3682_001 0.000 0.000 0.000 0.000 0.000 0.005 0.025 0.167 0.636 0.944 0.994 1.000 1.000 1.000 1.000
NTR+1B3682_002 1.000 1.000 1.000 1.000 1.000 0.995 0.975 0.833 0.364 0.056 0.006 0.000 0.000 0.000 0.000
GLU01B3682_001 0.041 0.042 0.042 0.041 0.033 0.015 0.004 0.001 0.000 0.000 0.000 0.000 0.000 0.000 0.000
GLU01B3682_002 0.500 0.506 0.501 0.487 0.374 0.160 0.037 0.006 0.000 0.000 0.000 0.000 0.000 0.000 0.000
GLU02B3682_003 0.015 0.016 0.015 0.017 0.012 0.005 0.000 0.000 0.000 0.000 0.000 0.000 0.000 0.000 0.000
GLU02B3682_004 0.443 0.436 0.439 0.409 0.325 0.137 0.030 0.006 0.000 0.000 0.000 0.000 0.000 0.000 0.000
GLU-1B3682_005 0.000 0.000 0.004 0.046 0.256 0.684 0.930 0.987 1.000 1.000 1.000 1.000 1.000 1.000 1.000
GLN01B3683_001 1.000 1.000 1.000 1.000 1.000 1.000 1.000 1.000 1.000 1.000 1.000 1.000 1.000 1.000 1.000
GLU01B3684_001 0.063 0.065 0.066 0.061 0.057 0.037 0.011 0.002 0.000 0.000 0.000 0.000 0.000 0.000 0.000
GLU01B3684_002 0.603 0.590 0.588 0.580 0.489 0.304 0.105 0.017 0.006 0.000 0.000 0.000 0.000 0.000 0.000
GLU02B3684_003 0.014 0.011 0.013 0.012 0.012 0.009 0.003 0.001 0.000 0.000 0.000 0.000 0.000 0.000 0.000
GLU02B3684_004 0.320 0.334 0.331 0.322 0.283 0.177 0.063 0.012 0.000 0.000 0.000 0.000 0.000 0.000 0.000
GLU-1B3684_005 0.000 0.000 0.002 0.025 0.159 0.474 0.818 0.967 0.994 1.000 1.000 1.000 1.000 1.000 1.000
GLU01B3685_001 0.043 0.041 0.042 0.040 0.029 0.010 0.002 0.000 0.000 0.000 0.000 0.000 0.000 0.000 0.000
GLU01B3685_002 0.523 0.538 0.532 0.509 0.367 0.142 0.022 0.004 0.000 0.000 0.000 0.000 0.000 0.000 0.000
GLU02B3685_003 0.016 0.018 0.017 0.016 0.015 0.005 0.001 0.000 0.000 0.000 0.000 0.000 0.000 0.000 0.000
GLU02B3685_004 0.418 0.403 0.409 0.388 0.282 0.108 0.017 0.002 0.001 0.000 0.000 0.000 0.000 0.000 0.000
GLU-1B3685_005 0.000 0.000 0.000 0.047 0.307 0.734 0.958 0.994 0.999 1.000 1.000 1.000 1.000 1.000 1.000
GLU01B3686_001 0.045 0.043 0.046 0.045 0.039 0.023 0.007 0.001 0.000 0.000 0.000 0.000 0.000 0.000 0.000
GLU01B3686_002 0.530 0.539 0.530 0.524 0.437 0.247 0.065 0.012 0.001 0.000 0.000 0.000 0.000 0.000 0.000
GLU02B3686_003 0.017 0.017 0.017 0.015 0.014 0.008 0.002 0.000 0.000 0.000 0.000 0.000 0.000 0.000 0.000
GLU02B3686_004 0.408 0.401 0.407 0.386 0.327 0.179 0.044 0.010 0.001 0.000 0.000 0.000 0.000 0.000 0.000
GLU-1B3686_005 0.000 0.000 0.000 0.030 0.183 0.544 0.882 0.977 0.997 1.000 1.000 1.000 1.000 1.000 1.000
GLU01B3687_001 0.035 0.036 0.034 0.036 0.032 0.025 0.014 0.004 0.000 0.000 0.000 0.000 0.000 0.000 0.000
GLU01B3687_002 0.553 0.552 0.560 0.545 0.492 0.401 0.254 0.059 0.012 0.000 0.000 0.000 0.000 0.000 0.000
GLU02B3687_003 0.020 0.017 0.019 0.018 0.020 0.018 0.013 0.003 0.000 0.000 0.000 0.000 0.000 0.000 0.000
GLU02B3687_004 0.392 0.395 0.387 0.386 0.364 0.315 0.199 0.055 0.010 0.002 0.000 0.000 0.000 0.000 0.000
GLU-1B3687_005 0.000 0.000 0.000 0.014 0.091 0.242 0.519 0.879 0.978 0.998 1.000 1.000 1.000 1.000 1.000
GLU01B3688_001 0.038 0.037 0.038 0.038 0.032 0.018 0.004 0.000 0.000 0.000 0.000 0.000 0.000 0.000 0.000
GLU01B3688_002 0.470 0.467 0.467 0.458 0.383 0.187 0.045 0.008 0.001 0.000 0.000 0.000 0.000 0.000 0.000
GLU02B3688_003 0.023 0.023 0.023 0.022 0.020 0.010 0.002 0.000 0.000 0.000 0.000 0.000 0.000 0.000 0.000
GLU02B3688_004 0.469 0.473 0.472 0.453 0.377 0.182 0.039 0.008 0.001 0.000 0.000 0.000 0.000 0.000 0.000
GLU-1B3688_005 0.000 0.000 0.000 0.030 0.189 0.603 0.910 0.985 0.998 1.000 1.000 1.000 1.000 1.000 1.000
GLU01B3689_001 0.051 0.050 0.050 0.050 0.045 0.029 0.011 0.001 0.000 0.000 0.000 0.000 0.000 0.000 0.000
GLU01B3689_002 0.582 0.586 0.581 0.573 0.512 0.331 0.103 0.017 0.000 0.000 0.000 0.000 0.000 0.000 0.000
GLU02B3689_003 0.009 0.009 0.010 0.010 0.009 0.005 0.002 0.000 0.000 0.000 0.000 0.000 0.000 0.000 0.000
GLU02B3689_004 0.358 0.355 0.359 0.351 0.313 0.206 0.069 0.013 0.000 0.000 0.000 0.000 0.000 0.000 0.000
GLU-1B3689_005 0.000 0.000 0.000 0.017 0.121 0.429 0.815 0.969 1.000 1.000 1.000 1.000 1.000 1.000 1.000
VAL01B3690_001 1.000 1.000 1.000 1.000 1.000 1.000 1.000 1.000 1.000 1.000 1.000 1.000 1.000 1.000 1.000
GLU01B3691_001 0.047 0.044 0.045 0.044 0.040 0.023 0.005 0.001 0.000 0.000 0.000 0.000 0.000 0.000 0.000
GLU01B3691_002 0.553 0.562 0.557 0.542 0.473 0.255 0.061 0.010 0.000 0.000 0.000 0.000 0.000 0.000 0.000
GLU02B3691_003 0.015 0.017 0.016 0.015 0.015 0.009 0.002 0.000 0.000 0.000 0.000 0.000 0.000 0.000 0.000
GLU02B3691_004 0.385 0.377 0.382 0.379 0.326 0.186 0.050 0.009 0.002 0.000 0.000 0.000 0.000 0.000 0.000
GLU-1B3691_005 0.000 0.000 0.000 0.020 0.146 0.528 0.881 0.980 0.998 1.000 1.000 1.000 1.000 1.000 1.000
GLU01B3692_001 0.033 0.033 0.035 0.033 0.035 0.029 0.011 0.000 0.000 0.000 0.000 0.000 0.000 0.000 0.000
GLU01B3692_002 0.574 0.573 0.575 0.573 0.529 0.380 0.150 0.026 0.006 0.000 0.000 0.000 0.000 0.000 0.000
GLU02B3692_003 0.021 0.021 0.023 0.021 0.022 0.016 0.007 0.000 0.000 0.000 0.000 0.000 0.000 0.000 0.000
GLU02B3692_004 0.372 0.373 0.367 0.360 0.333 0.235 0.101 0.015 0.000 0.000 0.000 0.000 0.000 0.000 0.000
GLU-1B3692_005 0.000 0.000 0.000 0.013 0.080 0.341 0.731 0.959 0.994 1.000 1.000 1.000 1.000 1.000 1.000
CTR01B3692_001 0.000 0.000 0.000 0.000 0.000 0.000 0.000 0.000 0.000 0.000 0.000 0.000 0.000 0.000 0.000
CTR01B3692_002 0.408 0.407 0.408 0.371 0.212 0.089 0.024 0.004 0.000 0.000 0.000 0.000 0.000 0.000 0.000
CTR02B3692_003 0.000 0.000 0.000 0.000 0.000 0.000 0.000 0.000 0.000 0.000 0.000 0.000 0.000 0.000 0.000
CTR02B3692_004 0.592 0.592 0.579 0.516 0.303 0.124 0.032 0.006 0.000 0.000 0.000 0.000 0.000 0.000 0.000
CTR-1B3692_005 0.000 0.001 0.013 0.113 0.485 0.787 0.944 0.990 1.000 1.000 1.000 1.000 1.000 1.000 1.000
NTR01B3714_001 0.000 0.000 0.000 0.000 0.000 0.000 0.000 0.003 0.028 0.229 0.742 0.961 0.996 1.000 1.000
NTR01B3714_002 0.000 0.000 0.000 0.000 0.000 0.000 0.000 0.000 0.000 0.000 0.000 0.000 0.000 0.000 0.000
NTR+1B3714_003 1.000 1.000 1.000 1.000 1.000 1.000 1.000 0.997 0.972 0.771 0.258 0.039 0.004 0.000 0.000
CTR01B3714_001 0.009 0.010 0.010 0.005 0.001 0.000 0.000 0.000 0.000 0.000 0.000 0.000 0.000 0.000 0.000
CTR01B3714_002 0.480 0.480 0.447 0.286 0.064 0.007 0.001 0.000 0.000 0.000 0.000 0.000 0.000 0.000 0.000
CTR02B3714_003 0.000 0.000 0.000 0.000 0.000 0.000 0.000 0.000 0.000 0.000 0.000 0.000 0.000 0.000 0.000
CTR02B3714_004 0.510 0.502 0.474 0.297 0.069 0.009 0.001 0.000 0.000 0.000 0.000 0.000 0.000 0.000 0.000
CTR-1B3714_005 0.001 0.008 0.069 0.412 0.866 0.984 0.999 1.000 1.000 1.000 1.000 1.000 1.000 1.000 1.000
SER01B3714_001 0.311 0.304 0.330 0.430 0.567 0.611 0.618 0.614 0.619 0.626 0.661 0.684 0.681 0.679 0.679
SER01B3714_002 0.689 0.696 0.670 0.570 0.433 0.389 0.382 0.386 0.381 0.374 0.339 0.316 0.319 0.321 0.321
NTG01B3739_001 0.000 0.000 0.000 0.000 0.001 0.005 0.026 0.179 0.651 0.935 0.992 1.000 1.000 1.000 1.000
NTG+1B3739_002 1.000 1.000 1.000 1.000 0.999 0.995 0.974 0.821 0.349 0.065 0.008 0.000 0.000 0.000 0.000
GLU01B3740_001 0.039 0.042 0.041 0.040 0.029 0.008 0.002 0.000 0.000 0.000 0.000 0.000 0.000 0.000 0.000
GLU01B3740_002 0.583 0.580 0.572 0.537 0.394 0.133 0.021 0.006 0.000 0.000 0.000 0.000 0.000 0.000 0.000
GLU02B3740_003 0.023 0.023 0.021 0.022 0.015 0.006 0.000 0.000 0.000 0.000 0.000 0.000 0.000 0.000 0.000
GLU02B3740_004 0.355 0.355 0.359 0.339 0.239 0.080 0.014 0.000 0.000 0.000 0.000 0.000 0.000 0.000 0.000
GLU-1B3740_005 0.000 0.000 0.007 0.062 0.323 0.773 0.963 0.994 1.000 1.000 1.000 1.000 1.000 1.000 1.000
ASN01B3741_001 1.000 1.000 1.000 1.000 1.000 1.000 1.000 1.000 1.000 1.000 1.000 1.000 1.000 1.000 1.000
CTR01B3741_001 0.003 0.002 0.000 0.003 0.003 0.001 0.000 0.000 0.000 0.000 0.000 0.000 0.000 0.000 0.000
CTR01B3741_002 0.323 0.321 0.322 0.316 0.256 0.111 0.025 0.000 0.000 0.000 0.000 0.000 0.000 0.000 0.000
CTR02B3741_003 0.000 0.000 0.000 0.000 0.000 0.000 0.000 0.000 0.000 0.000 0.000 0.000 0.000 0.000 0.000
CTR02B3741_004 0.675 0.677 0.678 0.643 0.528 0.242 0.051 0.000 0.000 0.000 0.000 0.000 0.000 0.000 0.000
CTR-1B3741_005 0.000 0.000 0.000 0.038 0.213 0.646 0.924 1.000 1.000 1.000 1.000 1.000 1.000 1.000 1.000
NTR01B3747_001 1.000 1.000 1.000 1.000 1.000 1.000 1.000 1.000 1.000 1.000 1.000 1.000 1.000 1.000 1.000
NTR+1B3747_002 0.000 0.000 0.000 0.000 0.000 0.000 0.000 0.000 0.000 0.000 0.000 0.000 0.000 0.000 0.000
CTR01B3747_001 0.000 0.000 0.000 0.000 0.000 0.000 0.000 0.000 0.000 0.000 0.000 0.000 0.000 0.000 0.000
CTR01B3747_002 0.478 0.474 0.459 0.408 0.202 0.057 0.010 0.000 0.000 0.000 0.000 0.000 0.000 0.000 0.000
CTR02B3747_003 0.013 0.013 0.013 0.012 0.005 0.001 0.000 0.000 0.000 0.000 0.000 0.000 0.000 0.000 0.000
CTR02B3747_004 0.508 0.513 0.511 0.436 0.222 0.055 0.008 0.000 0.000 0.000 0.000 0.000 0.000 0.000 0.000
CTR-1B3747_005 0.000 0.000 0.017 0.144 0.571 0.887 0.981 1.000 1.000 1.000 1.000 1.000 1.000 1.000 1.000
GLU01B3747_001 0.049 0.049 0.048 0.049 0.048 0.035 0.010 0.001 0.000 0.000 0.000 0.000 0.000 0.000 0.000
GLU01B3747_002 0.419 0.421 0.417 0.414 0.379 0.235 0.061 0.006 0.000 0.000 0.000 0.000 0.000 0.000 0.000
GLU02B3747_003 0.022 0.020 0.022 0.019 0.019 0.014 0.003 0.000 0.000 0.000 0.000 0.000 0.000 0.000 0.000
GLU02B3747_004 0.510 0.510 0.513 0.500 0.447 0.284 0.070 0.007 0.000 0.000 0.000 0.000 0.000 0.000 0.000
GLU-1B3747_005 0.000 0.000 0.000 0.017 0.108 0.432 0.855 0.985 1.000 1.000 1.000 1.000 1.000 1.000 1.000
NTR01B3831_001 0.000 0.000 0.000 0.000 0.000 0.000 0.000 0.000 0.010 0.090 0.439 0.867 0.985 0.998 1.000
NTR01B3831_002 0.000 0.000 0.000 0.000 0.000 0.000 0.000 0.000 0.000 0.000 0.000 0.000 0.000 0.000 0.000
NTR+1B3831_003 1.000 1.000 1.000 1.000 1.000 1.000 1.000 1.000 0.990 0.910 0.561 0.133 0.015 0.002 0.000
CTR01B3831_001 0.007 0.006 0.006 0.004 0.001 0.000 0.000 0.000 0.000 0.000 0.000 0.000 0.000 0.000 0.000
CTR01B3831_002 0.361 0.360 0.333 0.209 0.055 0.008 0.002 0.000 0.000 0.000 0.000 0.000 0.000 0.000 0.000
CTR02B3831_003 0.005 0.005 0.000 0.003 0.000 0.000 0.000 0.000 0.000 0.000 0.000 0.000 0.000 0.000 0.000
CTR02B3831_004 0.628 0.619 0.582 0.374 0.095 0.017 0.000 0.000 0.000 0.000 0.000 0.000 0.000 0.000 0.000
CTR-1B3831_005 0.000 0.009 0.078 0.411 0.849 0.975 0.998 1.000 1.000 1.000 1.000 1.000 1.000 1.000 1.000
SER01B3831_001 0.464 0.460 0.484 0.553 0.657 0.691 0.699 0.702 0.700 0.704 0.716 0.733 0.742 0.737 0.734
SER01B3831_002 0.536 0.540 0.516 0.447 0.343 0.309 0.301 0.298 0.300 0.296 0.284 0.267 0.258 0.263 0.266
NTR01B3849_001 0.002 0.024 0.188 0.676 0.939 0.984 0.996 0.999 1.000 1.000 1.000 1.000 1.000 1.000 1.000
NTR+1B3849_002 0.998 0.976 0.812 0.324 0.061 0.016 0.004 0.001 0.000 0.000 0.000 0.000 0.000 0.000 0.000
ARG01B3849_001 0.000 0.000 0.000 0.000 0.000 0.000 0.000 0.000 0.000 0.000 0.003 0.008 0.074 0.379 0.619
ARG02B3849_002 0.000 0.000 0.000 0.000 0.000 0.000 0.000 0.000 0.000 0.000 0.000 0.001 0.012 0.056 0.094
ARG03B3849_003 0.000 0.000 0.000 0.000 0.000 0.000 0.000 0.000 0.000 0.000 0.000 0.003 0.028 0.138 0.215
ARG+1B3849_004 1.000 1.000 1.000 1.000 1.000 1.000 1.000 1.000 1.000 1.000 0.997 0.988 0.886 0.427 0.072
GLN01B3850_001 1.000 1.000 1.000 1.000 1.000 1.000 1.000 1.000 1.000 1.000 1.000 1.000 1.000 1.000 1.000
ASN01B3851_001 0.901 0.901 0.900 0.909 0.908 0.883 0.870 0.868 0.863 0.867 0.880 0.894 0.903 0.900 0.905
ASN01B3851_002 0.099 0.099 0.100 0.091 0.092 0.117 0.130 0.132 0.137 0.133 0.120 0.106 0.097 0.100 0.095
LYS01B3852_001 0.000 0.000 0.000 0.000 0.000 0.000 0.000 0.001 0.008 0.067 0.414 0.878 0.985 0.999 1.000
LYS+1B3852_002 1.000 1.000 1.000 1.000 1.000 1.000 1.000 0.999 0.992 0.933 0.586 0.122 0.015 0.001 0.000
ALA01B3853_001 1.000 1.000 1.000 1.000 1.000 1.000 1.000 1.000 1.000 1.000 1.000 1.000 1.000 1.000 1.000
GLU01B3854_001 0.040 0.042 0.042 0.041 0.031 0.017 0.003 0.000 0.000 0.000 0.000 0.000 0.000 0.000 0.000
GLU01B3854_002 0.564 0.572 0.563 0.543 0.473 0.201 0.039 0.006 0.000 0.000 0.000 0.000 0.000 0.000 0.000
GLU02B3854_003 0.019 0.019 0.021 0.021 0.018 0.010 0.002 0.000 0.000 0.000 0.000 0.000 0.000 0.000 0.000
GLU02B3854_004 0.377 0.367 0.373 0.374 0.328 0.149 0.029 0.004 0.000 0.000 0.000 0.000 0.000 0.000 0.000
GLU-1B3854_005 0.000 0.000 0.002 0.021 0.150 0.623 0.927 0.991 1.000 1.000 1.000 1.000 1.000 1.000 1.000
LEU01B3856_001 1.000 1.000 1.000 1.000 1.000 1.000 1.000 1.000 1.000 1.000 1.000 1.000 1.000 1.000 1.000
MET01B3858_001 1.000 1.000 1.000 1.000 1.000 1.000 1.000 1.000 1.000 1.000 1.000 1.000 1.000 1.000 1.000
VAL01B3859_001 1.000 1.000 1.000 1.000 1.000 1.000 1.000 1.000 1.000 1.000 1.000 1.000 1.000 1.000 1.000
ASN01B3860_001 1.000 1.000 1.000 1.000 1.000 1.000 1.000 1.000 1.000 1.000 1.000 1.000 1.000 1.000 1.000
GLU01B3861_001 0.026 0.026 0.025 0.026 0.017 0.005 0.000 0.000 0.000 0.000 0.000 0.000 0.000 0.000 0.000
GLU01B3861_002 0.475 0.477 0.475 0.442 0.293 0.078 0.022 0.004 0.000 0.000 0.000 0.000 0.000 0.000 0.000
GLU02B3861_003 0.032 0.030 0.029 0.030 0.020 0.004 0.000 0.000 0.000 0.000 0.000 0.000 0.000 0.000 0.000
GLU02B3861_004 0.466 0.466 0.470 0.439 0.279 0.074 0.019 0.003 0.000 0.000 0.000 0.000 0.000 0.000 0.000
GLU-1B3861_005 0.000 0.001 0.000 0.063 0.392 0.840 0.960 0.993 1.000 1.000 1.000 1.000 1.000 1.000 1.000
ASP01B3862_001 0.000 0.000 0.000 0.000 0.000 0.000 0.000 0.000 0.000 0.000 0.000 0.000 0.000 0.000 0.000
ASP01B3862_002 0.000 0.000 0.000 0.000 0.000 0.000 0.000 0.000 0.000 0.000 0.000 0.000 0.000 0.000 0.000
ASP02B3862_003 0.066 0.067 0.068 0.067 0.067 0.064 0.043 0.014 0.002 0.000 0.000 0.000 0.000 0.000 0.000
ASP02B3862_004 0.934 0.933 0.932 0.933 0.917 0.861 0.598 0.159 0.022 0.000 0.000 0.000 0.000 0.000 0.000
ASP-1B3862_005 0.000 0.000 0.000 0.000 0.016 0.075 0.359 0.827 0.976 1.000 1.000 1.000 1.000 1.000 1.000
THR01B3864_001 1.000 1.000 1.000 1.000 1.000 1.000 1.000 1.000 1.000 1.000 1.000 1.000 1.000 1.000 1.000
VAL01B3865_001 1.000 1.000 1.000 1.000 1.000 1.000 1.000 1.000 1.000 1.000 1.000 1.000 1.000 1.000 1.000
ILE01B3866_001 1.000 1.000 1.000 1.000 1.000 1.000 1.000 1.000 1.000 1.000 1.000 1.000 1.000 1.000 1.000
ASN01B3867_001 1.000 1.000 1.000 1.000 1.000 1.000 1.000 1.000 1.000 1.000 1.000 1.000 1.000 1.000 1.000
ARG01B3868_001 0.000 0.000 0.000 0.000 0.000 0.000 0.000 0.000 0.000 0.000 0.000 0.000 0.000 0.000 0.000
ARG02B3868_002 0.000 0.000 0.000 0.000 0.000 0.000 0.000 0.000 0.000 0.000 0.000 0.000 0.000 0.000 0.000
ARG03B3868_003 0.000 0.000 0.000 0.000 0.000 0.000 0.000 0.000 0.000 0.000 0.000 0.000 0.000 0.000 0.000
ARG03B3868_004 1.000 1.000 1.000 1.000 1.000 1.000 1.000 1.000 1.000 1.000 1.000 1.000 1.000 1.000 1.000
ARG+1B3868_005 0.000 0.000 0.000 0.000 0.000 0.000 0.000 0.000 0.000 0.000 0.000 0.000 0.000 0.000 0.000
GLN01B3869_001 1.000 1.000 1.000 1.000 1.000 1.000 1.000 1.000 1.000 1.000 1.000 1.000 1.000 1.000 1.000
ASN01B3870_001 1.000 1.000 1.000 1.000 1.000 1.000 1.000 1.000 1.000 1.000 1.000 1.000 1.000 1.000 1.000
GLU01B3872_001 0.036 0.032 0.037 0.035 0.030 0.015 0.003 0.000 0.000 0.000 0.000 0.000 0.000 0.000 0.000
GLU01B3872_002 0.432 0.429 0.428 0.416 0.359 0.170 0.027 0.004 0.000 0.000 0.000 0.000 0.000 0.000 0.000
GLU02B3872_003 0.015 0.016 0.017 0.015 0.014 0.007 0.001 0.000 0.000 0.000 0.000 0.000 0.000 0.000 0.000
GLU02B3872_004 0.516 0.523 0.519 0.504 0.413 0.206 0.035 0.005 0.000 0.000 0.000 0.000 0.000 0.000 0.000
GLU-1B3872_005 0.000 0.000 0.000 0.029 0.184 0.602 0.934 0.991 1.000 1.000 1.000 1.000 1.000 1.000 1.000
LYS01B3873_001 0.000 0.000 0.002 0.010 0.034 0.166 0.601 0.931 0.992 1.000 1.000 1.000 1.000 1.000 1.000
LYS+1B3873_002 1.000 1.000 0.998 0.990 0.966 0.834 0.399 0.069 0.008 0.000 0.000 0.000 0.000 0.000 0.000
VAL01B3874_001 1.000 1.000 1.000 1.000 1.000 1.000 1.000 1.000 1.000 1.000 1.000 1.000 1.000 1.000 1.000
CTR01B3874_001 0.006 0.006 0.005 0.006 0.005 0.002 0.000 0.000 0.000 0.000 0.000 0.000 0.000 0.000 0.000
CTR01B3874_002 0.398 0.391 0.397 0.374 0.278 0.103 0.022 0.003 0.000 0.000 0.000 0.000 0.000 0.000 0.000
CTR02B3874_003 0.003 0.003 0.002 0.003 0.000 0.000 0.000 0.000 0.000 0.000 0.000 0.000 0.000 0.000 0.000
CTR02B3874_004 0.593 0.599 0.589 0.559 0.412 0.155 0.033 0.004 0.000 0.000 0.000 0.000 0.000 0.000 0.000
CTR-1B3874_005 0.000 0.001 0.007 0.058 0.305 0.741 0.946 0.993 1.000 1.000 1.000 1.000 1.000 1.000 1.000
NTR01B3889_001 1.000 1.000 1.000 1.000 1.000 1.000 1.000 1.000 1.000 1.000 1.000 1.000 1.000 1.000 1.000
NTR01B3889_002 0.000 0.000 0.000 0.000 0.000 0.000 0.000 0.000 0.000 0.000 0.000 0.000 0.000 0.000 0.000
NTR+1B3889_003 0.000 0.000 0.000 0.000 0.000 0.000 0.000 0.000 0.000 0.000 0.000 0.000 0.000 0.000 0.000
CTR01B3889_001 0.012 0.010 0.010 0.009 0.004 0.001 0.000 0.000 0.000 0.000 0.000 0.000 0.000 0.000 0.000
CTR01B3889_002 0.384 0.386 0.383 0.311 0.131 0.030 0.003 0.001 0.000 0.000 0.000 0.000 0.000 0.000 0.000
CTR02B3889_003 0.008 0.007 0.007 0.006 0.003 0.000 0.000 0.000 0.000 0.000 0.000 0.000 0.000 0.000 0.000
CTR02B3889_004 0.596 0.598 0.574 0.469 0.194 0.044 0.005 0.000 0.000 0.000 0.000 0.000 0.000 0.000 0.000
CTR-1B3889_005 0.000 0.000 0.026 0.206 0.668 0.924 0.992 0.999 1.000 1.000 1.000 1.000 1.000 1.000 1.000
GLN01B3889_001 1.000 1.000 1.000 1.000 1.000 1.000 1.000 1.000 1.000 1.000 1.000 1.000 1.000 1.000 1.000
NTR01B3915_001 0.000 0.000 0.005 0.034 0.198 0.649 0.937 0.993 1.000 1.000 1.000 1.000 1.000 1.000 1.000
NTR+1B3915_002 1.000 1.000 0.995 0.966 0.802 0.351 0.063 0.007 0.000 0.000 0.000 0.000 0.000 0.000 0.000
ILE01B3915_001 1.000 1.000 1.000 1.000 1.000 1.000 1.000 1.000 1.000 1.000 1.000 1.000 1.000 1.000 1.000
ILE01B3916_001 1.000 1.000 1.000 1.000 1.000 1.000 1.000 1.000 1.000 1.000 1.000 1.000 1.000 1.000 1.000
ILE01B3917_001 1.000 1.000 1.000 1.000 1.000 1.000 1.000 1.000 1.000 1.000 1.000 1.000 1.000 1.000 1.000
CYS01B3918_001 0.090 0.094 0.092 0.093 0.103 0.131 0.149 0.150 0.150 0.129 0.064 0.012 0.001 0.000 0.000
CYS01B3918_002 0.392 0.396 0.394 0.403 0.398 0.402 0.406 0.415 0.398 0.356 0.171 0.034 0.005 0.000 0.000
CYS01B3918_003 0.518 0.509 0.515 0.504 0.499 0.468 0.445 0.436 0.436 0.381 0.183 0.040 0.006 0.001 0.000
CYS-1B3918_004 0.000 0.000 0.000 0.000 0.000 0.000 0.000 0.000 0.017 0.134 0.583 0.913 0.988 0.998 1.000
THR01B3919_001 0.252 0.251 0.249 0.250 0.227 0.177 0.136 0.129 0.124 0.118 0.083 0.054 0.046 0.044 0.047
THR01B3919_002 0.748 0.749 0.751 0.750 0.773 0.823 0.864 0.871 0.876 0.882 0.917 0.946 0.954 0.956 0.953
VAL01B3920_001 1.000 1.000 1.000 1.000 1.000 1.000 1.000 1.000 1.000 1.000 1.000 1.000 1.000 1.000 1.000
ASP01B3921_001 0.028 0.031 0.028 0.029 0.025 0.016 0.006 0.002 0.000 0.000 0.000 0.000 0.000 0.000 0.000
ASP01B3921_002 0.654 0.644 0.643 0.603 0.486 0.295 0.116 0.024 0.003 0.000 0.000 0.000 0.000 0.000 0.000
ASP02B3921_003 0.013 0.016 0.016 0.020 0.019 0.018 0.007 0.001 0.000 0.000 0.000 0.000 0.000 0.000 0.000
ASP02B3921_004 0.305 0.309 0.305 0.290 0.257 0.167 0.069 0.013 0.001 0.000 0.000 0.000 0.000 0.000 0.000
ASP-1B3921_005 0.000 0.000 0.008 0.059 0.213 0.504 0.803 0.961 0.996 1.000 1.000 1.000 1.000 1.000 1.000
CTR01B3921_001 0.015 0.015 0.013 0.013 0.015 0.015 0.011 0.002 0.000 0.000 0.000 0.000 0.000 0.000 0.000
CTR01B3921_002 0.493 0.488 0.483 0.422 0.325 0.252 0.128 0.028 0.004 0.000 0.000 0.000 0.000 0.000 0.000
CTR02B3921_003 0.000 0.000 0.000 0.000 0.000 0.000 0.000 0.000 0.000 0.000 0.000 0.000 0.000 0.000 0.000
CTR02B3921_004 0.493 0.492 0.462 0.368 0.236 0.145 0.074 0.014 0.002 0.000 0.000 0.000 0.000 0.000 0.000
CTR-1B3921_005 0.000 0.005 0.042 0.197 0.424 0.588 0.786 0.956 0.994 1.000 1.000 1.000 1.000 1.000 1.000
NTR01B3923_001 0.000 0.000 0.000 0.000 0.000 0.000 0.000 0.000 0.000 0.000 0.000 0.000 0.000 0.013 0.102
NTR+1B3923_002 1.000 1.000 1.000 1.000 1.000 1.000 1.000 1.000 1.000 1.000 1.000 1.000 1.000 0.987 0.898
CTR01B3923_001 0.000 0.000 0.000 0.000 0.000 0.000 0.000 0.000 0.000 0.000 0.000 0.000 0.000 0.000 0.000
CTR01B3923_002 0.008 0.011 0.009 0.008 0.005 0.003 0.000 0.000 0.000 0.000 0.000 0.000 0.000 0.000 0.000
CTR02B3923_003 0.000 0.000 0.000 0.000 0.000 0.000 0.000 0.000 0.000 0.000 0.000 0.000 0.000 0.000 0.000
CTR02B3923_004 0.992 0.984 0.953 0.810 0.609 0.364 0.135 0.023 0.004 0.000 0.000 0.000 0.000 0.000 0.000
CTR-1B3923_005 0.000 0.005 0.038 0.182 0.387 0.634 0.865 0.977 0.996 1.000 1.000 1.000 1.000 1.000 1.000
LEU01B3923_001 1.000 1.000 1.000 1.000 1.000 1.000 1.000 1.000 1.000 1.000 1.000 1.000 1.000 1.000 1.000
NTR01B3927_001 0.000 0.000 0.000 0.000 0.000 0.000 0.000 0.000 0.001 0.007 0.056 0.326 0.815 0.978 0.996
NTR+1B3927_002 1.000 1.000 1.000 1.000 1.000 1.000 1.000 1.000 0.999 0.993 0.944 0.674 0.185 0.022 0.004
CTR01B3927_001 0.007 0.006 0.006 0.004 0.000 0.000 0.000 0.000 0.000 0.000 0.000 0.000 0.000 0.000 0.000
CTR01B3927_002 0.417 0.417 0.386 0.248 0.086 0.017 0.003 0.000 0.000 0.000 0.000 0.000 0.000 0.000 0.000
CTR02B3927_003 0.002 0.002 0.000 0.001 0.000 0.000 0.000 0.000 0.000 0.000 0.000 0.000 0.000 0.000 0.000
CTR02B3927_004 0.574 0.564 0.521 0.339 0.123 0.023 0.005 0.000 0.000 0.000 0.000 0.000 0.000 0.000 0.000
CTR-1B3927_005 0.000 0.011 0.088 0.407 0.791 0.960 0.992 1.000 1.000 1.000 1.000 1.000 1.000 1.000 1.000
GLN01B3927_001 1.000 1.000 1.000 1.000 1.000 1.000 1.000 1.000 1.000 1.000 1.000 1.000 1.000 1.000 1.000
NTG01B3971_001 1.000 1.000 1.000 1.000 1.000 1.000 1.000 1.000 1.000 1.000 1.000 1.000 1.000 1.000 1.000
NTG+1B3971_002 0.000 0.000 0.000 0.000 0.000 0.000 0.000 0.000 0.000 0.000 0.000 0.000 0.000 0.000 0.000
PRO01B3972_001 1.000 1.000 1.000 1.000 1.000 1.000 1.000 1.000 1.000 1.000 1.000 1.000 1.000 1.000 1.000
CTR01B3972_001 0.000 0.000 0.000 0.000 0.000 0.000 0.000 0.000 0.000 0.000 0.000 0.000 0.000 0.000 0.000
CTR01B3972_002 0.355 0.367 0.356 0.348 0.269 0.118 0.023 0.002 0.000 0.000 0.000 0.000 0.000 0.000 0.000
CTR02B3972_003 0.010 0.010 0.010 0.011 0.009 0.005 0.001 0.000 0.000 0.000 0.000 0.000 0.000 0.000 0.000
CTR02B3972_004 0.634 0.622 0.634 0.595 0.461 0.207 0.036 0.004 0.000 0.000 0.000 0.000 0.000 0.000 0.000
CTR-1B3972_005 0.000 0.000 0.000 0.047 0.260 0.670 0.941 0.993 1.000 1.000 1.000 1.000 1.000 1.000 1.000
NTR01B3989_001 0.000 0.000 0.000 0.000 0.000 0.000 0.000 0.004 0.028 0.215 0.707 0.951 0.993 1.000 1.000
NTR+1B3989_002 1.000 1.000 1.000 1.000 1.000 1.000 1.000 0.996 0.972 0.785 0.293 0.049 0.007 0.000 0.000
CTR01B3989_001 0.005 0.005 0.000 0.003 0.000 0.000 0.000 0.000 0.000 0.000 0.000 0.000 0.000 0.000 0.000
CTR01B3989_002 0.510 0.497 0.455 0.313 0.131 0.030 0.005 0.000 0.000 0.000 0.000 0.000 0.000 0.000 0.000
CTR02B3989_003 0.002 0.001 0.002 0.001 0.000 0.000 0.000 0.000 0.000 0.000 0.000 0.000 0.000 0.000 0.000
CTR02B3989_004 0.481 0.488 0.470 0.333 0.147 0.036 0.007 0.001 0.000 0.000 0.000 0.000 0.000 0.000 0.000
CTR-1B3989_005 0.002 0.009 0.073 0.350 0.722 0.934 0.988 0.999 1.000 1.000 1.000 1.000 1.000 1.000 1.000
VAL01B3989_001 1.000 1.000 1.000 1.000 1.000 1.000 1.000 1.000 1.000 1.000 1.000 1.000 1.000 1.000 1.000
NTR01B4024_001 1.000 1.000 1.000 1.000 1.000 1.000 1.000 1.000 1.000 1.000 1.000 1.000 1.000 1.000 1.000
NTR+1B4024_002 0.000 0.000 0.000 0.000 0.000 0.000 0.000 0.000 0.000 0.000 0.000 0.000 0.000 0.000 0.000
CTR01B4024_001 0.003 0.003 0.000 0.004 0.000 0.000 0.000 0.000 0.000 0.000 0.000 0.000 0.000 0.000 0.000
CTR01B4024_002 0.334 0.337 0.338 0.312 0.201 0.059 0.008 0.001 0.000 0.000 0.000 0.000 0.000 0.000 0.000
CTR02B4024_003 0.003 0.003 0.002 0.000 0.001 0.000 0.000 0.000 0.000 0.000 0.000 0.000 0.000 0.000 0.000
CTR02B4024_004 0.659 0.655 0.642 0.579 0.357 0.100 0.015 0.002 0.000 0.000 0.000 0.000 0.000 0.000 0.000
CTR-1B4024_005 0.000 0.002 0.018 0.105 0.441 0.841 0.976 0.997 1.000 1.000 1.000 1.000 1.000 1.000 1.000
VAL01B4024_001 1.000 1.000 1.000 1.000 1.000 1.000 1.000 1.000 1.000 1.000 1.000 1.000 1.000 1.000 1.000
NTR01B4032_001 0.000 0.000 0.000 0.000 0.000 0.000 0.004 0.036 0.258 0.752 0.955 0.994 1.000 1.000 1.000
NTR+1B4032_002 1.000 1.000 1.000 1.000 1.000 1.000 0.996 0.964 0.742 0.248 0.045 0.006 0.000 0.000 0.000
GLU01B4032_001 0.073 0.070 0.068 0.067 0.061 0.035 0.008 0.000 0.000 0.000 0.000 0.000 0.000 0.000 0.000
GLU01B4032_002 0.926 0.930 0.926 0.892 0.746 0.426 0.100 0.014 0.002 0.000 0.000 0.000 0.000 0.000 0.000
GLU02B4032_003 0.000 0.000 0.000 0.000 0.000 0.000 0.000 0.000 0.000 0.000 0.000 0.000 0.000 0.000 0.000
GLU02B4032_004 0.001 0.000 0.000 0.000 0.000 0.000 0.000 0.000 0.000 0.000 0.000 0.000 0.000 0.000 0.000
GLU-1B4032_005 0.000 0.000 0.006 0.041 0.193 0.539 0.892 0.986 0.998 1.000 1.000 1.000 1.000 1.000 1.000
CTR01B4033_001 0.011 0.011 0.009 0.008 0.003 0.001 0.000 0.000 0.000 0.000 0.000 0.000 0.000 0.000 0.000
CTR01B4033_002 0.484 0.472 0.462 0.365 0.171 0.036 0.006 0.000 0.000 0.000 0.000 0.000 0.000 0.000 0.000
CTR02B4033_003 0.000 0.002 0.002 0.002 0.000 0.000 0.000 0.000 0.000 0.000 0.000 0.000 0.000 0.000 0.000
CTR02B4033_004 0.505 0.510 0.485 0.387 0.188 0.039 0.007 0.000 0.000 0.000 0.000 0.000 0.000 0.000 0.000
CTR-1B4033_005 0.000 0.005 0.041 0.239 0.639 0.924 0.987 1.000 1.000 1.000 1.000 1.000 1.000 1.000 1.000
NTR01B4037_001 1.000 1.000 1.000 1.000 1.000 1.000 1.000 1.000 1.000 1.000 1.000 1.000 1.000 1.000 1.000
NTR+1B4037_002 0.000 0.000 0.000 0.000 0.000 0.000 0.000 0.000 0.000 0.000 0.000 0.000 0.000 0.000 0.000
CTR01B4037_001 0.000 0.000 0.000 0.000 0.000 0.000 0.000 0.000 0.000 0.000 0.000 0.000 0.000 0.000 0.000
CTR01B4037_002 0.423 0.422 0.405 0.319 0.145 0.030 0.004 0.000 0.000 0.000 0.000 0.000 0.000 0.000 0.000
CTR02B4037_003 0.010 0.013 0.011 0.009 0.000 0.000 0.000 0.000 0.000 0.000 0.000 0.000 0.000 0.000 0.000
CTR02B4037_004 0.567 0.559 0.548 0.441 0.205 0.043 0.006 0.000 0.000 0.000 0.000 0.000 0.000 0.000 0.000
CTR-1B4037_005 0.000 0.005 0.036 0.230 0.651 0.927 0.990 1.000 1.000 1.000 1.000 1.000 1.000 1.000 1.000
ASN01B4037_001 1.000 1.000 1.000 1.000 1.000 1.000 1.000 1.000 1.000 1.000 1.000 1.000 1.000 1.000 1.000
NTR01B4049_001 0.000 0.000 0.000 0.000 0.000 0.009 0.073 0.437 0.884 0.984 0.999 1.000 1.000 1.000 1.000
NTR+1B4049_002 1.000 1.000 1.000 1.000 1.000 0.991 0.927 0.563 0.116 0.016 0.001 0.000 0.000 0.000 0.000
VAL01B4049_001 1.000 1.000 1.000 1.000 1.000 1.000 1.000 1.000 1.000 1.000 1.000 1.000 1.000 1.000 1.000
GLU01B4050_001 0.000 0.000 0.002 0.002 0.002 0.000 0.000 0.000 0.000 0.000 0.000 0.000 0.000 0.000 0.000
GLU01B4050_002 0.095 0.097 0.096 0.089 0.055 0.018 0.003 0.000 0.000 0.000 0.000 0.000 0.000 0.000 0.000
GLU02B4050_003 0.058 0.058 0.057 0.054 0.033 0.011 0.001 0.000 0.000 0.000 0.000 0.000 0.000 0.000 0.000
GLU02B4050_004 0.846 0.845 0.825 0.739 0.479 0.136 0.019 0.004 0.000 0.000 0.000 0.000 0.000 0.000 0.000
GLU-1B4050_005 0.000 0.000 0.020 0.116 0.431 0.836 0.977 0.996 1.000 1.000 1.000 1.000 1.000 1.000 1.000
CTR01B4050_001 0.078 0.046 0.012 0.003 0.000 0.000 0.000 0.000 0.000 0.000 0.000 0.000 0.000 0.000 0.000
CTR01B4050_002 0.601 0.365 0.093 0.021 0.005 0.000 0.000 0.000 0.000 0.000 0.000 0.000 0.000 0.000 0.000
CTR02B4050_003 0.020 0.013 0.003 0.000 0.000 0.000 0.000 0.000 0.000 0.000 0.000 0.000 0.000 0.000 0.000
CTR02B4050_004 0.225 0.128 0.034 0.008 0.002 0.000 0.000 0.000 0.000 0.000 0.000 0.000 0.000 0.000 0.000
CTR-1B4050_005 0.075 0.448 0.857 0.968 0.992 1.000 1.000 1.000 1.000 1.000 1.000 1.000 1.000 1.000 1.000
NTR01B4052_001 0.000 0.000 0.000 0.000 0.000 0.000 0.000 0.000 0.001 0.006 0.045 0.298 0.803 0.975 0.997
NTR+1B4052_002 1.000 1.000 1.000 1.000 1.000 1.000 1.000 1.000 0.999 0.994 0.955 0.702 0.197 0.025 0.003
CTR01B4052_001 0.008 0.008 0.007 0.004 0.001 0.000 0.000 0.000 0.000 0.000 0.000 0.000 0.000 0.000 0.000
CTR01B4052_002 0.463 0.431 0.414 0.280 0.075 0.012 0.000 0.000 0.000 0.000 0.000 0.000 0.000 0.000 0.000
CTR02B4052_003 0.003 0.003 0.000 0.000 0.000 0.000 0.000 0.000 0.000 0.000 0.000 0.000 0.000 0.000 0.000
CTR02B4052_004 0.527 0.547 0.506 0.355 0.095 0.014 0.003 0.000 0.000 0.000 0.000 0.000 0.000 0.000 0.000
CTR-1B4052_005 0.000 0.011 0.073 0.362 0.829 0.974 0.997 1.000 1.000 1.000 1.000 1.000 1.000 1.000 1.000
SER01B4052_001 0.305 0.312 0.324 0.380 0.473 0.498 0.500 0.496 0.483 0.479 0.484 0.508 0.546 0.558 0.557
SER01B4052_002 0.695 0.688 0.676 0.620 0.527 0.502 0.500 0.504 0.517 0.521 0.516 0.492 0.454 0.442 0.443
NTR01B4080_001 0.000 0.000 0.000 0.000 0.000 0.000 0.000 0.009 0.052 0.258 0.686 0.910 0.987 1.000 1.000
NTR+1B4080_002 1.000 1.000 1.000 1.000 1.000 1.000 1.000 0.991 0.948 0.742 0.314 0.090 0.013 0.000 0.000
CTR01B4080_001 0.086 0.048 0.014 0.002 0.000 0.000 0.000 0.000 0.000 0.000 0.000 0.000 0.000 0.000 0.000
CTR01B4080_002 0.137 0.082 0.027 0.006 0.001 0.001 0.000 0.000 0.000 0.000 0.000 0.000 0.000 0.000 0.000
CTR02B4080_003 0.007 0.005 0.001 0.000 0.000 0.000 0.000 0.000 0.000 0.000 0.000 0.000 0.000 0.000 0.000
CTR02B4080_004 0.683 0.390 0.129 0.026 0.003 0.000 0.000 0.000 0.000 0.000 0.000 0.000 0.000 0.000 0.000
CTR-1B4080_005 0.087 0.476 0.828 0.966 0.995 0.999 1.000 1.000 1.000 1.000 1.000 1.000 1.000 1.000 1.000
TYR01B4080_001 1.000 1.000 1.000 1.000 1.000 1.000 1.000 0.998 0.988 0.930 0.738 0.311 0.049 0.005 0.000
TYR-1B4080_002 0.000 0.000 0.000 0.000 0.000 0.000 0.000 0.002 0.012 0.070 0.262 0.689 0.951 0.995 1.000
NTR01B4082_001 0.000 0.000 0.002 0.002 0.002 0.008 0.056 0.331 0.754 0.944 0.988 1.000 1.000 1.000 1.000
NTR+1B4082_002 1.000 1.000 0.998 0.998 0.998 0.992 0.944 0.669 0.246 0.056 0.012 0.000 0.000 0.000 0.000
THR01B4082_001 0.016 0.020 0.025 0.027 0.026 0.030 0.041 0.107 0.212 0.267 0.282 0.290 0.298 0.291 0.271
THR01B4082_002 0.246 0.261 0.315 0.346 0.354 0.357 0.379 0.407 0.446 0.461 0.465 0.470 0.461 0.481 0.508
THR01B4082_003 0.737 0.719 0.660 0.626 0.620 0.613 0.580 0.486 0.342 0.272 0.253 0.240 0.241 0.228 0.221
ASP01B4083_001 0.000 0.000 0.000 0.000 0.000 0.000 0.000 0.000 0.000 0.000 0.000 0.000 0.000 0.000 0.000
ASP01B4083_002 0.034 0.024 0.012 0.003 0.000 0.000 0.000 0.000 0.000 0.000 0.000 0.000 0.000 0.000 0.000
ASP02B4083_003 0.016 0.015 0.009 0.002 0.000 0.000 0.000 0.000 0.000 0.000 0.000 0.000 0.000 0.000 0.000
ASP02B4083_004 0.921 0.792 0.418 0.084 0.014 0.000 0.001 0.000 0.000 0.000 0.000 0.000 0.000 0.000 0.000
ASP-1B4083_005 0.029 0.169 0.561 0.912 0.986 1.000 0.999 1.000 1.000 1.000 1.000 1.000 1.000 1.000 1.000
PRO01B4084_001 1.000 1.000 1.000 1.000 1.000 1.000 1.000 1.000 1.000 1.000 1.000 1.000 1.000 1.000 1.000
ARG01B4085_001 0.000 0.000 0.000 0.000 0.000 0.000 0.000 0.000 0.000 0.000 0.000 0.010 0.080 0.432 0.741
ARG02B4085_002 0.000 0.000 0.000 0.000 0.000 0.000 0.000 0.000 0.000 0.000 0.000 0.000 0.004 0.023 0.038
ARG02B4085_003 0.000 0.000 0.000 0.000 0.000 0.000 0.000 0.000 0.000 0.000 0.000 0.000 0.000 0.000 0.005
ARG03B4085_004 0.000 0.000 0.000 0.000 0.000 0.000 0.000 0.000 0.000 0.000 0.000 0.001 0.013 0.070 0.130
ARG+1B4085_005 1.000 1.000 1.000 1.000 1.000 1.000 1.000 1.000 1.000 1.000 1.000 0.989 0.903 0.474 0.086
LEU01B4087_001 1.000 1.000 1.000 1.000 1.000 1.000 1.000 1.000 1.000 1.000 1.000 1.000 1.000 1.000 1.000
CTR01B4087_001 0.000 0.000 0.000 0.000 0.000 0.000 0.000 0.000 0.000 0.000 0.000 0.000 0.000 0.000 0.000
CTR01B4087_002 0.366 0.419 0.562 0.699 0.733 0.733 0.702 0.607 0.333 0.077 0.012 0.002 0.000 0.000 0.000
CTR02B4087_003 0.011 0.010 0.007 0.006 0.000 0.003 0.003 0.000 0.001 0.000 0.000 0.000 0.000 0.000 0.000
CTR02B4087_004 0.623 0.570 0.431 0.294 0.264 0.263 0.252 0.212 0.121 0.030 0.004 0.001 0.000 0.000 0.000
CTR-1B4087_005 0.000 0.000 0.001 0.001 0.002 0.000 0.042 0.181 0.544 0.893 0.984 0.998 1.000 1.000 1.000
NTR01B4118_001 0.000 0.000 0.000 0.000 0.011 0.030 0.067 0.181 0.566 0.912 0.990 1.000 1.000 1.000 1.000
NTR+1B4118_002 1.000 1.000 1.000 1.000 0.989 0.970 0.933 0.819 0.434 0.088 0.010 0.000 0.000 0.000 0.000
ASP01B4118_001 0.019 0.018 0.019 0.018 0.013 0.009 0.004 0.000 0.000 0.000 0.000 0.000 0.000 0.000 0.000
ASP01B4118_002 0.619 0.614 0.607 0.576 0.464 0.255 0.104 0.040 0.016 0.004 0.000 0.000 0.000 0.000 0.000
ASP02B4118_003 0.000 0.000 0.000 0.001 0.000 0.000 0.001 0.000 0.000 0.000 0.000 0.000 0.000 0.000 0.000
ASP02B4118_004 0.362 0.367 0.369 0.363 0.292 0.182 0.089 0.039 0.015 0.000 0.000 0.000 0.000 0.000 0.000
ASP-1B4118_005 0.000 0.000 0.005 0.042 0.230 0.554 0.802 0.922 0.968 0.996 1.000 1.000 1.000 1.000 1.000
GLU01B4119_001 0.010 0.010 0.013 0.010 0.004 0.000 0.000 0.000 0.000 0.000 0.000 0.000 0.000 0.000 0.000
GLU01B4119_002 0.276 0.275 0.281 0.248 0.127 0.029 0.006 0.000 0.000 0.000 0.000 0.000 0.000 0.000 0.000
GLU02B4119_003 0.023 0.021 0.023 0.019 0.011 0.003 0.000 0.000 0.000 0.000 0.000 0.000 0.000 0.000 0.000
GLU02B4119_004 0.691 0.694 0.664 0.588 0.302 0.079 0.015 0.004 0.000 0.000 0.000 0.000 0.000 0.000 0.000
GLU-1B4119_005 0.000 0.000 0.018 0.136 0.556 0.889 0.979 0.996 1.000 1.000 1.000 1.000 1.000 1.000 1.000
ASN01B4120_001 0.012 0.012 0.015 0.013 0.015 0.016 0.020 0.020 0.026 0.033 0.034 0.035 0.036 0.036 0.038
ASN01B4120_002 0.988 0.988 0.985 0.987 0.985 0.984 0.980 0.980 0.974 0.967 0.966 0.965 0.964 0.964 0.962
GLU01B4121_001 0.003 0.003 0.003 0.004 0.005 0.005 0.006 0.002 0.000 0.000 0.000 0.000 0.000 0.000 0.000
GLU01B4121_002 0.138 0.142 0.136 0.146 0.147 0.149 0.102 0.024 0.006 0.000 0.000 0.000 0.000 0.000 0.000
GLU02B4121_003 0.068 0.064 0.064 0.067 0.057 0.048 0.030 0.009 0.000 0.000 0.000 0.000 0.000 0.000 0.000
GLU02B4121_004 0.791 0.790 0.797 0.778 0.756 0.655 0.423 0.095 0.022 0.005 0.000 0.000 0.000 0.000 0.000
GLU-1B4121_005 0.000 0.000 0.000 0.006 0.034 0.143 0.440 0.870 0.972 0.995 1.000 1.000 1.000 1.000 1.000
MET01B4122_001 1.000 1.000 1.000 1.000 1.000 1.000 1.000 1.000 1.000 1.000 1.000 1.000 1.000 1.000 1.000
CTR01B4122_001 0.000 0.000 0.000 0.000 0.000 0.000 0.000 0.000 0.000 0.000 0.000 0.000 0.000 0.000 0.000
CTR01B4122_002 0.480 0.480 0.471 0.462 0.419 0.298 0.117 0.037 0.016 0.003 0.000 0.000 0.000 0.000 0.000
CTR02B4122_003 0.008 0.008 0.008 0.009 0.008 0.005 0.002 0.000 0.000 0.000 0.000 0.000 0.000 0.000 0.000
CTR02B4122_004 0.513 0.513 0.519 0.510 0.446 0.267 0.099 0.025 0.010 0.002 0.000 0.000 0.000 0.000 0.000
CTR-1B4122_005 0.000 0.000 0.002 0.019 0.127 0.430 0.782 0.938 0.974 0.995 1.000 1.000 1.000 1.000 1.000
NTR01B4145_001 0.000 0.000 0.000 0.000 0.000 0.000 0.000 0.000 0.031 0.226 0.696 0.948 1.000 1.000 1.000
NTR+1B4145_002 1.000 1.000 1.000 1.000 1.000 1.000 1.000 1.000 0.969 0.774 0.304 0.052 0.000 0.000 0.000
CTR01B4145_001 0.006 0.007 0.005 0.002 0.000 0.000 0.000 0.000 0.000 0.000 0.000 0.000 0.000 0.000 0.000
CTR01B4145_002 0.469 0.442 0.349 0.151 0.034 0.005 0.002 0.000 0.000 0.000 0.000 0.000 0.000 0.000 0.000
CTR02B4145_003 0.000 0.000 0.000 0.000 0.000 0.000 0.000 0.000 0.000 0.000 0.000 0.000 0.000 0.000 0.000
CTR02B4145_004 0.522 0.515 0.406 0.174 0.039 0.005 0.000 0.000 0.000 0.000 0.000 0.000 0.000 0.000 0.000
CTR-1B4145_005 0.004 0.036 0.240 0.673 0.927 0.990 0.998 1.000 1.000 1.000 1.000 1.000 1.000 1.000 1.000
VAL01B4145_001 1.000 1.000 1.000 1.000 1.000 1.000 1.000 1.000 1.000 1.000 1.000 1.000 1.000 1.000 1.000
NTR01B4150_001 0.000 0.000 0.000 0.000 0.000 0.000 0.000 0.002 0.018 0.114 0.478 0.889 0.987 1.000 1.000
NTR01B4150_002 0.000 0.000 0.000 0.000 0.000 0.000 0.000 0.000 0.000 0.000 0.000 0.000 0.000 0.000 0.000
NTR+1B4150_003 1.000 1.000 1.000 1.000 1.000 1.000 1.000 0.998 0.982 0.886 0.522 0.111 0.013 0.000 0.000
CTR01B4150_001 0.007 0.006 0.006 0.003 0.000 0.000 0.000 0.000 0.000 0.000 0.000 0.000 0.000 0.000 0.000
CTR01B4150_002 0.544 0.544 0.473 0.266 0.075 0.010 0.001 0.000 0.000 0.000 0.000 0.000 0.000 0.000 0.000
CTR02B4150_003 0.000 0.000 0.000 0.000 0.000 0.000 0.000 0.000 0.000 0.000 0.000 0.000 0.000 0.000 0.000
CTR02B4150_004 0.449 0.435 0.389 0.227 0.061 0.008 0.001 0.000 0.000 0.000 0.000 0.000 0.000 0.000 0.000
CTR-1B4150_005 0.000 0.015 0.132 0.504 0.863 0.982 0.998 1.000 1.000 1.000 1.000 1.000 1.000 1.000 1.000
LEU01B4150_001 1.000 1.000 1.000 1.000 1.000 1.000 1.000 1.000 1.000 1.000 1.000 1.000 1.000 1.000 1.000
NTR01B4540_001 0.000 0.000 0.004 0.037 0.201 0.605 0.926 0.993 1.000 1.000 1.000 1.000 1.000 1.000 1.000
NTR+1B4540_002 1.000 1.000 0.996 0.963 0.799 0.395 0.074 0.007 0.000 0.000 0.000 0.000 0.000 0.000 0.000
PHE01B4540_001 1.000 1.000 1.000 1.000 1.000 1.000 1.000 1.000 1.000 1.000 1.000 1.000 1.000 1.000 1.000
TRP01B4541_001 1.000 1.000 1.000 1.000 1.000 1.000 1.000 1.000 1.000 1.000 1.000 1.000 1.000 1.000 1.000
GLU01B4543_001 0.018 0.019 0.017 0.017 0.010 0.004 0.001 0.000 0.000 0.000 0.000 0.000 0.000 0.000 0.000
GLU01B4543_002 0.631 0.619 0.620 0.556 0.319 0.095 0.016 0.003 0.000 0.000 0.000 0.000 0.000 0.000 0.000
GLU02B4543_003 0.014 0.013 0.012 0.012 0.008 0.002 0.001 0.000 0.000 0.000 0.000 0.000 0.000 0.000 0.000
GLU02B4543_004 0.337 0.350 0.339 0.306 0.177 0.050 0.007 0.001 0.000 0.000 0.000 0.000 0.000 0.000 0.000
GLU-1B4543_005 0.000 0.000 0.011 0.109 0.486 0.849 0.975 0.997 1.000 1.000 1.000 1.000 1.000 1.000 1.000
LEU01B4544_001 1.000 1.000 1.000 1.000 1.000 1.000 1.000 1.000 1.000 1.000 1.000 1.000 1.000 1.000 1.000
GLU01B4545_001 0.049 0.051 0.049 0.048 0.029 0.007 0.001 0.000 0.000 0.000 0.000 0.000 0.000 0.000 0.000
GLU01B4545_002 0.751 0.752 0.745 0.683 0.448 0.120 0.022 0.000 0.000 0.000 0.000 0.000 0.000 0.000 0.000
GLU02B4545_003 0.007 0.008 0.000 0.007 0.005 0.001 0.000 0.000 0.000 0.000 0.000 0.000 0.000 0.000 0.000
GLU02B4545_004 0.193 0.190 0.197 0.175 0.114 0.032 0.005 0.000 0.000 0.000 0.000 0.000 0.000 0.000 0.000
GLU-1B4545_005 0.000 0.000 0.009 0.088 0.404 0.841 0.973 1.000 1.000 1.000 1.000 1.000 1.000 1.000 1.000
VAL01B4546_001 1.000 1.000 1.000 1.000 1.000 1.000 1.000 1.000 1.000 1.000 1.000 1.000 1.000 1.000 1.000
GLN01B4547_001 1.000 1.000 1.000 1.000 1.000 1.000 1.000 1.000 1.000 1.000 1.000 1.000 1.000 1.000 1.000
ARG01B4548_001 0.000 0.000 0.000 0.000 0.000 0.000 0.000 0.000 0.000 0.000 0.013 0.075 0.393 0.738 0.814
ARG02B4548_002 0.000 0.000 0.000 0.000 0.000 0.000 0.000 0.000 0.000 0.000 0.000 0.008 0.038 0.074 0.085
ARG03B4548_003 0.000 0.000 0.000 0.000 0.000 0.000 0.000 0.000 0.000 0.000 0.001 0.008 0.040 0.074 0.085
ARG+1B4548_004 1.000 1.000 1.000 1.000 1.000 1.000 1.000 1.000 1.000 1.000 0.986 0.910 0.530 0.114 0.015
VAL01B4549_001 1.000 1.000 1.000 1.000 1.000 1.000 1.000 1.000 1.000 1.000 1.000 1.000 1.000 1.000 1.000
LYS01B4550_001 0.000 0.000 0.000 0.000 0.000 0.000 0.000 0.005 0.041 0.276 0.752 0.965 0.996 1.000 1.000
LYS+1B4550_002 1.000 1.000 1.000 1.000 1.000 1.000 1.000 0.995 0.959 0.724 0.248 0.035 0.004 0.000 0.000
PHE01B4551_001 1.000 1.000 1.000 1.000 1.000 1.000 1.000 1.000 1.000 1.000 1.000 1.000 1.000 1.000 1.000
LEU01B4552_001 1.000 1.000 1.000 1.000 1.000 1.000 1.000 1.000 1.000 1.000 1.000 1.000 1.000 1.000 1.000
ASN01B4553_001 0.855 0.850 0.853 0.856 0.851 0.846 0.851 0.853 0.850 0.830 0.791 0.793 0.806 0.815 0.820
ASN01B4553_002 0.145 0.150 0.147 0.144 0.149 0.154 0.149 0.147 0.150 0.170 0.209 0.207 0.194 0.185 0.180
TYR01B4554_001 1.000 1.000 1.000 1.000 1.000 1.000 0.999 0.988 0.908 0.530 0.130 0.017 0.000 0.000 0.000
TYR-1B4554_002 0.000 0.000 0.000 0.000 0.000 0.000 0.001 0.012 0.092 0.470 0.870 0.983 1.000 1.000 1.000
LEU01B4555_001 1.000 1.000 1.000 1.000 1.000 1.000 1.000 1.000 1.000 1.000 1.000 1.000 1.000 1.000 1.000
SER01B4556_001 0.875 0.874 0.870 0.874 0.870 0.857 0.854 0.847 0.846 0.838 0.822 0.746 0.616 0.557 0.549
SER01B4556_002 0.125 0.126 0.130 0.126 0.130 0.143 0.146 0.153 0.154 0.162 0.178 0.254 0.384 0.443 0.451
ARG01B4557_001 0.000 0.000 0.000 0.000 0.000 0.000 0.000 0.000 0.000 0.000 0.000 0.010 0.054 0.271 0.578
ARG02B4557_002 0.000 0.000 0.000 0.000 0.000 0.000 0.000 0.000 0.000 0.000 0.000 0.001 0.011 0.054 0.113
ARG03B4557_003 0.000 0.000 0.000 0.000 0.000 0.000 0.000 0.000 0.000 0.000 0.000 0.003 0.017 0.094 0.197
ARG+1B4557_004 1.000 1.000 1.000 1.000 1.000 1.000 1.000 1.000 1.000 1.000 1.000 0.985 0.918 0.581 0.112
ASN01B4558_001 1.000 1.000 1.000 1.000 1.000 1.000 1.000 1.000 1.000 1.000 1.000 1.000 1.000 1.000 1.000
PHE01B4559_001 1.000 1.000 1.000 1.000 1.000 1.000 1.000 1.000 1.000 1.000 1.000 1.000 1.000 1.000 1.000
TYR01B4560_001 1.000 1.000 1.000 1.000 1.000 1.000 1.000 1.000 0.991 0.921 0.631 0.225 0.049 0.008 0.001
TYR-1B4560_002 0.000 0.000 0.000 0.000 0.000 0.000 0.000 0.000 0.009 0.079 0.369 0.775 0.951 0.992 0.999
THR01B4561_001 1.000 1.000 1.000 1.000 1.000 1.000 1.000 1.000 1.000 1.000 1.000 1.000 1.000 1.000 1.000
LEU01B4562_001 1.000 1.000 1.000 1.000 1.000 1.000 1.000 1.000 1.000 1.000 1.000 1.000 1.000 1.000 1.000
ARG01B4563_001 0.000 0.000 0.000 0.000 0.000 0.000 0.000 0.000 0.000 0.000 0.000 0.000 0.000 0.004 0.016
ARG02B4563_002 0.000 0.000 0.000 0.000 0.000 0.000 0.000 0.000 0.000 0.000 0.000 0.002 0.009 0.031 0.090
ARG03B4563_003 0.000 0.000 0.000 0.000 0.000 0.000 0.000 0.000 0.000 0.000 0.000 0.000 0.000 0.001 0.004
ARG+1B4563_004 1.000 1.000 1.000 1.000 1.000 1.000 1.000 1.000 1.000 1.000 1.000 0.998 0.991 0.963 0.890
PHE01B4564_001 1.000 1.000 1.000 1.000 1.000 1.000 1.000 1.000 1.000 1.000 1.000 1.000 1.000 1.000 1.000
LEU01B4565_001 1.000 1.000 1.000 1.000 1.000 1.000 1.000 1.000 1.000 1.000 1.000 1.000 1.000 1.000 1.000
ALA01B4566_001 1.000 1.000 1.000 1.000 1.000 1.000 1.000 1.000 1.000 1.000 1.000 1.000 1.000 1.000 1.000
LEU01B4567_001 1.000 1.000 1.000 1.000 1.000 1.000 1.000 1.000 1.000 1.000 1.000 1.000 1.000 1.000 1.000
PHE01B4568_001 1.000 1.000 1.000 1.000 1.000 1.000 1.000 1.000 1.000 1.000 1.000 1.000 1.000 1.000 1.000
LEU01B4569_001 1.000 1.000 1.000 1.000 1.000 1.000 1.000 1.000 1.000 1.000 1.000 1.000 1.000 1.000 1.000
ALA01B4570_001 1.000 1.000 1.000 1.000 1.000 1.000 1.000 1.000 1.000 1.000 1.000 1.000 1.000 1.000 1.000
PHE01B4571_001 1.000 1.000 1.000 1.000 1.000 1.000 1.000 1.000 1.000 1.000 1.000 1.000 1.000 1.000 1.000
ALA01B4572_001 1.000 1.000 1.000 1.000 1.000 1.000 1.000 1.000 1.000 1.000 1.000 1.000 1.000 1.000 1.000
ILE01B4573_001 1.000 1.000 1.000 1.000 1.000 1.000 1.000 1.000 1.000 1.000 1.000 1.000 1.000 1.000 1.000
ASN01B4574_001 0.000 0.000 0.000 0.000 0.000 0.000 0.000 0.000 0.000 0.000 0.000 0.000 0.001 0.000 0.000
ASN01B4574_002 1.000 1.000 1.000 1.000 1.000 1.000 1.000 1.000 1.000 1.000 1.000 1.000 0.999 1.000 1.000
PHE01B4575_001 1.000 1.000 1.000 1.000 1.000 1.000 1.000 1.000 1.000 1.000 1.000 1.000 1.000 1.000 1.000
ILE01B4576_001 1.000 1.000 1.000 1.000 1.000 1.000 1.000 1.000 1.000 1.000 1.000 1.000 1.000 1.000 1.000
LEU01B4577_001 1.000 1.000 1.000 1.000 1.000 1.000 1.000 1.000 1.000 1.000 1.000 1.000 1.000 1.000 1.000
LEU01B4578_001 1.000 1.000 1.000 1.000 1.000 1.000 1.000 1.000 1.000 1.000 1.000 1.000 1.000 1.000 1.000
PHE01B4579_001 1.000 1.000 1.000 1.000 1.000 1.000 1.000 1.000 1.000 1.000 1.000 1.000 1.000 1.000 1.000
TYR01B4580_001 1.000 1.000 1.000 1.000 1.000 1.000 1.000 1.000 1.000 1.000 1.000 0.989 0.933 0.615 0.142
TYR-1B4580_002 0.000 0.000 0.000 0.000 0.000 0.000 0.000 0.000 0.000 0.000 0.000 0.011 0.067 0.385 0.858
LYS01B4581_001 0.000 0.000 0.000 0.000 0.000 0.000 0.000 0.000 0.003 0.029 0.206 0.631 0.924 0.990 0.999
LYS+1B4581_002 1.000 1.000 1.000 1.000 1.000 1.000 1.000 1.000 0.997 0.971 0.794 0.369 0.076 0.010 0.001
VAL01B4582_001 1.000 1.000 1.000 1.000 1.000 1.000 1.000 1.000 1.000 1.000 1.000 1.000 1.000 1.000 1.000
SER01B4583_001 0.540 0.538 0.537 0.539 0.542 0.540 0.539 0.541 0.539 0.550 0.566 0.573 0.566 0.570 0.576
SER01B4583_002 0.460 0.462 0.463 0.461 0.458 0.460 0.461 0.459 0.461 0.450 0.434 0.427 0.434 0.430 0.424
ASP01B4584_001 0.000 0.000 0.000 0.000 0.000 0.000 0.000 0.000 0.000 0.000 0.000 0.000 0.000 0.000 0.000
ASP01B4584_002 0.031 0.034 0.030 0.030 0.023 0.006 0.000 0.000 0.000 0.000 0.000 0.000 0.000 0.000 0.000
ASP02B4584_003 0.051 0.051 0.052 0.047 0.036 0.011 0.000 0.000 0.000 0.000 0.000 0.000 0.000 0.000 0.000
ASP02B4584_004 0.919 0.915 0.913 0.885 0.662 0.213 0.035 0.000 0.000 0.000 0.000 0.000 0.000 0.000 0.000
ASP-1B4584_005 0.000 0.000 0.004 0.038 0.278 0.770 0.965 1.000 1.000 1.000 1.000 1.000 1.000 1.000 1.000
SER01B4585_001 0.152 0.153 0.155 0.158 0.168 0.188 0.202 0.199 0.203 0.214 0.211 0.209 0.222 0.221 0.222
SER01B4585_002 0.848 0.847 0.845 0.842 0.832 0.812 0.798 0.801 0.797 0.786 0.789 0.791 0.778 0.779 0.778
PRO01B4586_001 1.000 1.000 1.000 1.000 1.000 1.000 1.000 1.000 1.000 1.000 1.000 1.000 1.000 1.000 1.000
PRO01B4587_001 1.000 1.000 1.000 1.000 1.000 1.000 1.000 1.000 1.000 1.000 1.000 1.000 1.000 1.000 1.000
CTR01B4587_001 0.000 0.000 0.000 0.000 0.000 0.000 0.000 0.000 0.000 0.000 0.000 0.000 0.000 0.000 0.000
CTR01B4587_002 0.428 0.428 0.425 0.398 0.274 0.066 0.010 0.002 0.000 0.000 0.000 0.000 0.000 0.000 0.000
CTR02B4587_003 0.000 0.000 0.000 0.000 0.000 0.000 0.000 0.000 0.000 0.000 0.000 0.000 0.000 0.000 0.000
CTR02B4587_004 0.572 0.572 0.568 0.544 0.362 0.091 0.012 0.000 0.000 0.000 0.000 0.000 0.000 0.000 0.000
CTR-1B4587_005 0.000 0.000 0.006 0.058 0.363 0.844 0.978 0.998 1.000 1.000 1.000 1.000 1.000 1.000 1.000
NTR01B4626_001 0.000 0.000 0.000 0.000 0.001 0.000 0.013 0.104 0.536 0.921 0.990 1.000 1.000 1.000 1.000
NTR+1B4626_002 1.000 1.000 1.000 1.000 0.999 1.000 0.987 0.896 0.464 0.079 0.010 0.000 0.000 0.000 0.000
ASN01B4626_001 1.000 1.000 1.000 1.000 1.000 1.000 1.000 1.000 1.000 1.000 1.000 1.000 1.000 1.000 1.000
MET01B4627_001 1.000 1.000 1.000 1.000 1.000 1.000 1.000 1.000 1.000 1.000 1.000 1.000 1.000 1.000 1.000
VAL01B4628_001 1.000 1.000 1.000 1.000 1.000 1.000 1.000 1.000 1.000 1.000 1.000 1.000 1.000 1.000 1.000
TYR01B4629_001 1.000 1.000 1.000 1.000 1.000 1.000 1.000 1.000 0.994 0.950 0.679 0.204 0.028 0.004 0.000
TYR-1B4629_002 0.000 0.000 0.000 0.000 0.000 0.000 0.000 0.000 0.006 0.050 0.321 0.796 0.972 0.996 1.000
TYR01B4630_001 1.000 1.000 1.000 1.000 1.000 1.000 1.000 1.000 0.998 0.979 0.857 0.503 0.122 0.019 0.002
TYR-1B4630_002 0.000 0.000 0.000 0.000 0.000 0.000 0.000 0.000 0.002 0.021 0.143 0.497 0.878 0.981 0.998
PHE01B4631_001 1.000 1.000 1.000 1.000 1.000 1.000 1.000 1.000 1.000 1.000 1.000 1.000 1.000 1.000 1.000
LEU01B4632_001 1.000 1.000 1.000 1.000 1.000 1.000 1.000 1.000 1.000 1.000 1.000 1.000 1.000 1.000 1.000
GLU01B4633_001 0.000 0.000 0.002 0.001 0.001 0.001 0.001 0.000 0.000 0.000 0.000 0.000 0.000 0.000 0.000
GLU01B4633_002 0.203 0.209 0.209 0.201 0.200 0.186 0.124 0.029 0.003 0.000 0.000 0.000 0.000 0.000 0.000
GLU02B4633_003 0.050 0.049 0.049 0.051 0.045 0.034 0.016 0.004 0.000 0.000 0.000 0.000 0.000 0.000 0.000
GLU02B4633_004 0.747 0.742 0.741 0.747 0.704 0.561 0.312 0.072 0.008 0.000 0.000 0.000 0.000 0.000 0.000
GLU-1B4633_005 0.000 0.000 0.000 0.000 0.050 0.218 0.548 0.895 0.989 1.000 1.000 1.000 1.000 1.000 1.000
GLU01B4634_001 0.008 0.008 0.009 0.008 0.008 0.005 0.001 0.000 0.000 0.000 0.000 0.000 0.000 0.000 0.000
GLU01B4634_002 0.422 0.420 0.412 0.414 0.384 0.234 0.061 0.009 0.003 0.000 0.000 0.000 0.000 0.000 0.000
GLU02B4634_003 0.007 0.007 0.007 0.007 0.007 0.006 0.001 0.000 0.000 0.000 0.000 0.000 0.000 0.000 0.000
GLU02B4634_004 0.563 0.565 0.571 0.563 0.524 0.331 0.087 0.014 0.000 0.000 0.000 0.000 0.000 0.000 0.000
GLU-1B4634_005 0.000 0.000 0.001 0.008 0.078 0.424 0.851 0.977 0.997 1.000 1.000 1.000 1.000 1.000 1.000
SER01B4635_001 1.000 1.000 1.000 1.000 1.000 1.000 1.000 1.000 1.000 1.000 1.000 1.000 1.000 1.000 1.000
THR01B4636_001 0.009 0.009 0.010 0.010 0.011 0.019 0.025 0.035 0.034 0.034 0.031 0.016 0.009 0.009 0.009
THR01B4636_002 0.384 0.388 0.384 0.392 0.376 0.301 0.189 0.169 0.163 0.161 0.145 0.107 0.085 0.085 0.081
THR01B4636_003 0.607 0.603 0.607 0.599 0.613 0.679 0.786 0.796 0.803 0.805 0.824 0.877 0.906 0.906 0.911
TYR01B4638_001 0.609 0.607 0.609 0.606 0.595 0.560 0.515 0.493 0.495 0.486 0.392 0.152 0.021 0.002 0.000
TYR01B4638_002 0.391 0.393 0.391 0.394 0.405 0.440 0.485 0.507 0.505 0.486 0.410 0.162 0.025 0.003 0.001
TYR-1B4638_003 0.000 0.000 0.000 0.000 0.000 0.000 0.000 0.000 0.000 0.027 0.198 0.687 0.954 0.995 0.999
MET01B4639_001 1.000 1.000 1.000 1.000 1.000 1.000 1.000 1.000 1.000 1.000 1.000 1.000 1.000 1.000 1.000
GLU01B4640_001 0.003 0.003 0.002 0.003 0.000 0.001 0.000 0.000 0.000 0.000 0.000 0.000 0.000 0.000 0.000
GLU01B4640_002 0.295 0.295 0.305 0.291 0.273 0.184 0.074 0.017 0.002 0.000 0.000 0.000 0.000 0.000 0.000
GLU02B4640_003 0.037 0.034 0.033 0.037 0.036 0.025 0.011 0.002 0.000 0.000 0.000 0.000 0.000 0.000 0.000
GLU02B4640_004 0.665 0.668 0.659 0.670 0.623 0.455 0.200 0.043 0.006 0.000 0.000 0.000 0.000 0.000 0.000
GLU-1B4640_005 0.000 0.000 0.000 0.000 0.068 0.334 0.715 0.939 0.992 1.000 1.000 1.000 1.000 1.000 1.000
PRO01B4641_001 1.000 1.000 1.000 1.000 1.000 1.000 1.000 1.000 1.000 1.000 1.000 1.000 1.000 1.000 1.000
ALA01B4642_001 1.000 1.000 1.000 1.000 1.000 1.000 1.000 1.000 1.000 1.000 1.000 1.000 1.000 1.000 1.000
LEU01B4643_001 1.000 1.000 1.000 1.000 1.000 1.000 1.000 1.000 1.000 1.000 1.000 1.000 1.000 1.000 1.000
TRP01B4644_001 1.000 1.000 1.000 1.000 1.000 1.000 1.000 1.000 1.000 1.000 1.000 1.000 1.000 1.000 1.000
CYS01B4645_001 0.298 0.296 0.292 0.299 0.294 0.294 0.290 0.291 0.277 0.226 0.081 0.012 0.002 0.000 0.000
CYS01B4645_002 0.400 0.402 0.410 0.403 0.405 0.406 0.418 0.414 0.411 0.324 0.118 0.019 0.003 0.000 0.000
CYS01B4645_003 0.302 0.302 0.298 0.298 0.301 0.300 0.292 0.295 0.282 0.232 0.082 0.011 0.002 0.000 0.000
CYS-1B4645_004 0.000 0.000 0.000 0.000 0.000 0.000 0.000 0.000 0.030 0.219 0.719 0.958 0.993 1.000 1.000
LEU01B4646_001 1.000 1.000 1.000 1.000 1.000 1.000 1.000 1.000 1.000 1.000 1.000 1.000 1.000 1.000 1.000
SER01B4647_001 0.442 0.441 0.431 0.439 0.440 0.446 0.468 0.468 0.492 0.527 0.585 0.608 0.614 0.597 0.600
SER01B4647_002 0.000 0.000 0.000 0.000 0.000 0.010 0.029 0.053 0.064 0.063 0.057 0.057 0.050 0.049 0.043
SER01B4647_003 0.558 0.559 0.569 0.561 0.560 0.544 0.503 0.479 0.444 0.410 0.358 0.336 0.336 0.355 0.356
LEU01B4648_001 1.000 1.000 1.000 1.000 1.000 1.000 1.000 1.000 1.000 1.000 1.000 1.000 1.000 1.000 1.000
LEU01B4649_001 1.000 1.000 1.000 1.000 1.000 1.000 1.000 1.000 1.000 1.000 1.000 1.000 1.000 1.000 1.000
HIS01B4650_001 0.000 0.000 0.000 0.000 0.000 0.000 0.000 0.000 0.000 0.000 0.000 0.000 0.000 0.000 0.000
HIS02B4650_002 1.000 1.000 1.000 1.000 1.000 1.000 1.000 1.000 1.000 1.000 1.000 1.000 1.000 1.000 1.000
HIS+1B4650_003 0.000 0.000 0.000 0.000 0.000 0.000 0.000 0.000 0.000 0.000 0.000 0.000 0.000 0.000 0.000
THR01B4651_001 0.035 0.035 0.037 0.036 0.048 0.078 0.128 0.074 0.051 0.059 0.056 0.060 0.058 0.056 0.064
THR01B4651_002 0.965 0.965 0.963 0.964 0.952 0.922 0.872 0.926 0.949 0.941 0.944 0.940 0.942 0.944 0.936
LEU01B4652_001 1.000 1.000 1.000 1.000 1.000 1.000 1.000 1.000 1.000 1.000 1.000 1.000 1.000 1.000 1.000
VAL01B4653_001 1.000 1.000 1.000 1.000 1.000 1.000 1.000 1.000 1.000 1.000 1.000 1.000 1.000 1.000 1.000
ALA01B4654_001 1.000 1.000 1.000 1.000 1.000 1.000 1.000 1.000 1.000 1.000 1.000 1.000 1.000 1.000 1.000
PHE01B4655_001 1.000 1.000 1.000 1.000 1.000 1.000 1.000 1.000 1.000 1.000 1.000 1.000 1.000 1.000 1.000
LEU01B4656_001 1.000 1.000 1.000 1.000 1.000 1.000 1.000 1.000 1.000 1.000 1.000 1.000 1.000 1.000 1.000
CYS01B4657_001 0.238 0.231 0.233 0.233 0.233 0.218 0.209 0.188 0.171 0.143 0.153 0.157 0.155 0.159 0.150
CYS01B4657_002 0.499 0.508 0.507 0.502 0.504 0.496 0.481 0.460 0.439 0.422 0.411 0.413 0.411 0.399 0.368
CYS01B4657_003 0.263 0.261 0.261 0.266 0.264 0.286 0.309 0.352 0.390 0.435 0.436 0.431 0.434 0.442 0.458
CYS-1B4657_004 0.000 0.000 0.000 0.000 0.000 0.000 0.000 0.000 0.000 0.000 0.000 0.000 0.000 0.000 0.024
ILE01B4658_001 1.000 1.000 1.000 1.000 1.000 1.000 1.000 1.000 1.000 1.000 1.000 1.000 1.000 1.000 1.000
ILE01B4659_001 1.000 1.000 1.000 1.000 1.000 1.000 1.000 1.000 1.000 1.000 1.000 1.000 1.000 1.000 1.000
TYR01B4661_001 1.000 1.000 1.000 1.000 1.000 1.000 1.000 1.000 0.992 0.937 0.701 0.312 0.093 0.017 0.002
TYR-1B4661_002 0.000 0.000 0.000 0.000 0.000 0.000 0.000 0.000 0.008 0.063 0.299 0.688 0.907 0.983 0.998
ASN01B4662_001 0.878 0.871 0.869 0.871 0.862 0.828 0.806 0.798 0.800 0.797 0.786 0.777 0.785 0.787 0.780
ASN01B4662_002 0.122 0.129 0.131 0.129 0.138 0.172 0.194 0.202 0.200 0.203 0.214 0.223 0.215 0.213 0.220
CYS01B4663_001 0.536 0.530 0.532 0.535 0.537 0.534 0.544 0.532 0.529 0.512 0.491 0.362 0.126 0.022 0.002
CYS01B4663_002 0.243 0.246 0.247 0.243 0.245 0.252 0.244 0.255 0.257 0.260 0.238 0.181 0.063 0.011 0.002
CYS01B4663_003 0.221 0.224 0.221 0.222 0.218 0.215 0.212 0.213 0.214 0.219 0.214 0.153 0.055 0.010 0.001
CYS-1B4663_004 0.000 0.000 0.000 0.000 0.000 0.000 0.000 0.000 0.000 0.008 0.057 0.304 0.756 0.957 0.995
LEU01B4664_001 1.000 1.000 1.000 1.000 1.000 1.000 1.000 1.000 1.000 1.000 1.000 1.000 1.000 1.000 1.000
LYS01B4665_001 0.000 0.000 0.000 0.000 0.000 0.000 0.000 0.000 0.000 0.013 0.069 0.243 0.635 0.933 0.992
LYS+1B4665_002 1.000 1.000 1.000 1.000 1.000 1.000 1.000 1.000 1.000 0.987 0.931 0.757 0.365 0.067 0.008
CTR01B4665_001 0.000 0.000 0.001 0.000 0.001 0.000 0.000 0.000 0.000 0.000 0.000 0.000 0.000 0.000 0.000
CTR01B4665_002 0.463 0.469 0.465 0.444 0.363 0.162 0.029 0.004 0.000 0.000 0.000 0.000 0.000 0.000 0.000
CTR02B4665_003 0.003 0.000 0.004 0.004 0.003 0.000 0.000 0.000 0.000 0.000 0.000 0.000 0.000 0.000 0.000
CTR02B4665_004 0.534 0.531 0.530 0.521 0.438 0.191 0.035 0.004 0.001 0.000 0.000 0.000 0.000 0.000 0.000
CTR-1B4665_005 0.000 0.000 0.000 0.031 0.195 0.646 0.936 0.992 0.999 1.000 1.000 1.000 1.000 1.000 1.000
NTG01B4693_001 0.000 0.000 0.000 0.000 0.000 0.002 0.015 0.128 0.598 0.937 0.993 1.000 1.000 1.000 1.000
NTG+1B4693_002 1.000 1.000 1.000 1.000 1.000 0.998 0.985 0.872 0.402 0.063 0.007 0.000 0.000 0.000 0.000
ASP01B4694_001 0.012 0.009 0.012 0.010 0.007 0.002 0.000 0.000 0.000 0.000 0.000 0.000 0.000 0.000 0.000
ASP01B4694_002 0.435 0.437 0.430 0.400 0.250 0.059 0.008 0.000 0.000 0.000 0.000 0.000 0.000 0.000 0.000
ASP02B4694_003 0.033 0.031 0.032 0.028 0.017 0.005 0.001 0.000 0.000 0.000 0.000 0.000 0.000 0.000 0.000
ASP02B4694_004 0.520 0.524 0.513 0.470 0.286 0.070 0.010 0.000 0.000 0.000 0.000 0.000 0.000 0.000 0.000
ASP-1B4694_005 0.000 0.000 0.013 0.091 0.440 0.865 0.980 1.000 1.000 1.000 1.000 1.000 1.000 1.000 1.000
CTR01B4694_001 0.004 0.004 0.004 0.004 0.000 0.000 0.000 0.000 0.000 0.000 0.000 0.000 0.000 0.000 0.000
CTR01B4694_002 0.395 0.397 0.390 0.330 0.153 0.030 0.003 0.000 0.000 0.000 0.000 0.000 0.000 0.000 0.000
CTR02B4694_003 0.000 0.000 0.000 0.000 0.000 0.000 0.000 0.000 0.000 0.000 0.000 0.000 0.000 0.000 0.000
CTR02B4694_004 0.601 0.597 0.585 0.486 0.225 0.047 0.005 0.000 0.000 0.000 0.000 0.000 0.000 0.000 0.000
CTR-1B4694_005 0.000 0.002 0.022 0.180 0.622 0.923 0.991 1.000 1.000 1.000 1.000 1.000 1.000 1.000 1.000
NTR01B4716_001 0.000 0.000 0.000 0.000 0.000 0.000 0.000 0.006 0.058 0.362 0.837 0.978 1.000 1.000 1.000
NTR01B4716_002 0.000 0.000 0.000 0.000 0.000 0.000 0.000 0.000 0.000 0.000 0.000 0.000 0.000 0.000 0.000
NTR+1B4716_003 1.000 1.000 1.000 1.000 1.000 1.000 1.000 0.994 0.942 0.638 0.163 0.022 0.000 0.000 0.000
CTR01B4716_001 0.010 0.010 0.008 0.005 0.001 0.000 0.000 0.000 0.000 0.000 0.000 0.000 0.000 0.000 0.000
CTR01B4716_002 0.369 0.379 0.350 0.209 0.049 0.007 0.000 0.000 0.000 0.000 0.000 0.000 0.000 0.000 0.000
CTR02B4716_003 0.002 0.002 0.002 0.000 0.000 0.000 0.000 0.000 0.000 0.000 0.000 0.000 0.000 0.000 0.000
CTR02B4716_004 0.617 0.609 0.563 0.343 0.084 0.013 0.000 0.000 0.000 0.000 0.000 0.000 0.000 0.000 0.000
CTR-1B4716_005 0.001 0.000 0.078 0.443 0.866 0.980 1.000 1.000 1.000 1.000 1.000 1.000 1.000 1.000 1.000
TRP01B4716_001 1.000 1.000 1.000 1.000 1.000 1.000 1.000 1.000 1.000 1.000 1.000 1.000 1.000 1.000 1.000
NTR01B4755_001 0.000 0.000 0.000 0.000 0.000 0.002 0.019 0.146 0.598 0.926 0.992 1.000 1.000 1.000 1.000
NTR+1B4755_002 1.000 1.000 1.000 1.000 1.000 0.998 0.981 0.854 0.402 0.074 0.008 0.000 0.000 0.000 0.000
GLU01B4755_001 0.011 0.011 0.012 0.010 0.007 0.002 0.000 0.000 0.000 0.000 0.000 0.000 0.000 0.000 0.000
GLU01B4755_002 0.412 0.412 0.422 0.397 0.302 0.099 0.016 0.000 0.000 0.000 0.000 0.000 0.000 0.000 0.000
GLU02B4755_003 0.013 0.014 0.013 0.012 0.009 0.003 0.001 0.000 0.000 0.000 0.000 0.000 0.000 0.000 0.000
GLU02B4755_004 0.564 0.563 0.548 0.531 0.399 0.138 0.021 0.000 0.000 0.000 0.000 0.000 0.000 0.000 0.000
GLU-1B4755_005 0.000 0.000 0.005 0.049 0.282 0.759 0.962 1.000 1.000 1.000 1.000 1.000 1.000 1.000 1.000
ARG01B4756_001 0.000 0.000 0.000 0.000 0.000 0.000 0.000 0.000 0.000 0.000 0.000 0.000 0.000 0.000 0.000
ARG02B4756_002 0.000 0.000 0.000 0.000 0.000 0.000 0.000 0.000 0.000 0.000 0.000 0.000 0.000 0.000 0.000
ARG03B4756_003 0.000 0.000 0.000 0.000 0.000 0.000 0.000 0.000 0.000 0.000 0.000 0.000 0.000 0.000 0.000
ARG03B4756_004 1.000 1.000 1.000 1.000 1.000 1.000 1.000 1.000 1.000 1.000 1.000 1.000 1.000 1.000 1.000
ARG+1B4756_005 0.000 0.000 0.000 0.000 0.000 0.000 0.000 0.000 0.000 0.000 0.000 0.000 0.000 0.000 0.000
LYS01B4757_001 0.000 0.000 0.000 0.000 0.000 0.000 0.000 0.000 0.001 0.009 0.072 0.422 0.878 0.986 1.000
LYS+1B4757_002 1.000 1.000 1.000 1.000 1.000 1.000 1.000 1.000 0.999 0.991 0.928 0.578 0.122 0.014 0.000
PRO01B4758_001 1.000 1.000 1.000 1.000 1.000 1.000 1.000 1.000 1.000 1.000 1.000 1.000 1.000 1.000 1.000
ASP01B4759_001 0.000 0.000 0.000 0.000 0.000 0.000 0.000 0.000 0.000 0.000 0.000 0.000 0.000 0.000 0.000
ASP01B4759_002 0.000 0.000 0.000 0.000 0.000 0.000 0.000 0.000 0.000 0.000 0.000 0.000 0.000 0.000 0.000
ASP02B4759_003 0.049 0.051 0.051 0.048 0.029 0.007 0.001 0.000 0.000 0.000 0.000 0.000 0.000 0.000 0.000
ASP02B4759_004 0.951 0.949 0.940 0.870 0.538 0.147 0.022 0.003 0.000 0.000 0.000 0.000 0.000 0.000 0.000
ASP-1B4759_005 0.000 0.000 0.009 0.082 0.432 0.846 0.977 0.997 1.000 1.000 1.000 1.000 1.000 1.000 1.000
PRO01B4760_001 1.000 1.000 1.000 1.000 1.000 1.000 1.000 1.000 1.000 1.000 1.000 1.000 1.000 1.000 1.000
PRO01B4761_001 1.000 1.000 1.000 1.000 1.000 1.000 1.000 1.000 1.000 1.000 1.000 1.000 1.000 1.000 1.000
PRO01B4762_001 1.000 1.000 1.000 1.000 1.000 1.000 1.000 1.000 1.000 1.000 1.000 1.000 1.000 1.000 1.000
LEU01B4764_001 1.000 1.000 1.000 1.000 1.000 1.000 1.000 1.000 1.000 1.000 1.000 1.000 1.000 1.000 1.000
LEU01B4765_001 1.000 1.000 1.000 1.000 1.000 1.000 1.000 1.000 1.000 1.000 1.000 1.000 1.000 1.000 1.000
THR01B4766_001 0.994 0.995 0.994 0.995 0.995 0.994 0.996 0.996 0.994 0.996 0.995 0.995 0.995 0.996 0.996
THR01B4766_002 0.006 0.005 0.006 0.005 0.005 0.006 0.004 0.004 0.006 0.004 0.005 0.005 0.005 0.004 0.004
TRP01B4767_001 1.000 1.000 1.000 1.000 1.000 1.000 1.000 1.000 1.000 1.000 1.000 1.000 1.000 1.000 1.000
LEU01B4768_001 1.000 1.000 1.000 1.000 1.000 1.000 1.000 1.000 1.000 1.000 1.000 1.000 1.000 1.000 1.000
MET01B4769_001 1.000 1.000 1.000 1.000 1.000 1.000 1.000 1.000 1.000 1.000 1.000 1.000 1.000 1.000 1.000
SER01B4770_001 1.000 1.000 1.000 1.000 1.000 1.000 1.000 1.000 1.000 1.000 1.000 1.000 1.000 1.000 1.000
ILE01B4771_001 1.000 1.000 1.000 1.000 1.000 1.000 1.000 1.000 1.000 1.000 1.000 1.000 1.000 1.000 1.000
ASP01B4772_001 0.006 0.006 0.009 0.007 0.004 0.002 0.000 0.000 0.000 0.000 0.000 0.000 0.000 0.000 0.000
ASP01B4772_002 0.240 0.239 0.240 0.207 0.122 0.039 0.005 0.000 0.000 0.000 0.000 0.000 0.000 0.000 0.000
ASP02B4772_003 0.036 0.037 0.036 0.034 0.019 0.008 0.001 0.000 0.000 0.000 0.000 0.000 0.000 0.000 0.000
ASP02B4772_004 0.718 0.718 0.702 0.649 0.383 0.116 0.013 0.003 0.000 0.000 0.000 0.000 0.000 0.000 0.000
ASP-1B4772_005 0.000 0.000 0.012 0.104 0.472 0.835 0.981 0.997 1.000 1.000 1.000 1.000 1.000 1.000 1.000
CTR01B4772_001 0.003 0.000 0.003 0.003 0.000 0.000 0.000 0.000 0.000 0.000 0.000 0.000 0.000 0.000 0.000
CTR01B4772_002 0.279 0.277 0.284 0.271 0.193 0.072 0.013 0.002 0.000 0.000 0.000 0.000 0.000 0.000 0.000
CTR02B4772_003 0.018 0.015 0.013 0.014 0.012 0.004 0.001 0.000 0.000 0.000 0.000 0.000 0.000 0.000 0.000
CTR02B4772_004 0.700 0.707 0.692 0.647 0.464 0.162 0.027 0.000 0.000 0.000 0.000 0.000 0.000 0.000 0.000
CTR-1B4772_005 0.000 0.000 0.007 0.065 0.331 0.762 0.959 0.998 1.000 1.000 1.000 1.000 1.000 1.000 1.000
NTR01B4790_001 0.000 0.000 0.000 0.006 0.054 0.289 0.762 0.967 0.996 1.000 1.000 1.000 1.000 1.000 1.000
NTR+1B4790_002 1.000 1.000 1.000 0.994 0.946 0.711 0.238 0.033 0.004 0.000 0.000 0.000 0.000 0.000 0.000
LEU01B4790_001 1.000 1.000 1.000 1.000 1.000 1.000 1.000 1.000 1.000 1.000 1.000 1.000 1.000 1.000 1.000
TYR01B4791_001 0.844 0.844 0.839 0.837 0.817 0.781 0.759 0.744 0.730 0.713 0.697 0.666 0.629 0.507 0.184
TYR01B4791_002 0.156 0.156 0.161 0.163 0.183 0.219 0.241 0.256 0.270 0.287 0.303 0.330 0.344 0.311 0.184
TYR-1B4791_003 0.000 0.000 0.000 0.000 0.000 0.000 0.000 0.000 0.000 0.000 0.000 0.004 0.027 0.181 0.632
LEU01B4792_001 1.000 1.000 1.000 1.000 1.000 1.000 1.000 1.000 1.000 1.000 1.000 1.000 1.000 1.000 1.000
TRP01B4794_001 1.000 1.000 1.000 1.000 1.000 1.000 1.000 1.000 1.000 1.000 1.000 1.000 1.000 1.000 1.000
TYR01B4795_001 0.000 0.004 0.004 0.005 0.005 0.010 0.022 0.028 0.049 0.084 0.087 0.090 0.090 0.091 0.085
TYR01B4795_002 1.000 0.996 0.996 0.995 0.995 0.990 0.978 0.972 0.951 0.916 0.913 0.910 0.910 0.909 0.915
TYR-1B4795_003 0.000 0.000 0.000 0.000 0.000 0.000 0.000 0.000 0.000 0.000 0.000 0.000 0.000 0.000 0.000
MET01B4796_001 1.000 1.000 1.000 1.000 1.000 1.000 1.000 1.000 1.000 1.000 1.000 1.000 1.000 1.000 1.000
VAL01B4797_001 1.000 1.000 1.000 1.000 1.000 1.000 1.000 1.000 1.000 1.000 1.000 1.000 1.000 1.000 1.000
MET01B4798_001 1.000 1.000 1.000 1.000 1.000 1.000 1.000 1.000 1.000 1.000 1.000 1.000 1.000 1.000 1.000
SER01B4799_001 0.003 0.002 0.003 0.003 0.006 0.015 0.044 0.064 0.090 0.118 0.125 0.129 0.131 0.128 0.130
SER01B4799_002 0.004 0.004 0.004 0.004 0.021 0.085 0.209 0.197 0.270 0.384 0.399 0.419 0.402 0.408 0.437
SER01B4799_003 0.994 0.993 0.992 0.993 0.973 0.900 0.747 0.739 0.640 0.497 0.476 0.453 0.467 0.464 0.433
LEU01B4800_001 1.000 1.000 1.000 1.000 1.000 1.000 1.000 1.000 1.000 1.000 1.000 1.000 1.000 1.000 1.000
LEU01B4801_001 1.000 1.000 1.000 1.000 1.000 1.000 1.000 1.000 1.000 1.000 1.000 1.000 1.000 1.000 1.000
HIS01B4803_001 0.000 0.000 0.000 0.000 0.001 0.008 0.025 0.042 0.052 0.055 0.057 0.050 0.051 0.050 0.045
HIS01B4803_002 0.000 0.000 0.000 0.000 0.008 0.062 0.197 0.381 0.472 0.505 0.524 0.517 0.531 0.540 0.551
HIS02B4803_003 0.000 0.000 0.000 0.001 0.002 0.016 0.052 0.090 0.109 0.117 0.115 0.124 0.124 0.125 0.123
HIS02B4803_004 0.000 0.000 0.000 0.000 0.007 0.055 0.158 0.287 0.325 0.315 0.305 0.309 0.293 0.285 0.280
HIS+1B4803_005 0.173 0.172 0.170 0.168 0.168 0.144 0.097 0.034 0.006 0.001 0.000 0.000 0.000 0.000 0.000
HIS+1B4803_006 0.827 0.828 0.830 0.831 0.814 0.715 0.471 0.165 0.035 0.007 0.000 0.000 0.000 0.000 0.000
TYR01B4804_001 1.000 1.000 1.000 1.000 1.000 1.000 1.000 1.000 0.994 0.947 0.663 0.181 0.023 0.003 0.000
TYR-1B4804_002 0.000 0.000 0.000 0.000 0.000 0.000 0.000 0.000 0.006 0.053 0.337 0.819 0.977 0.997 1.000
ASN01B4805_001 0.956 0.952 0.954 0.954 0.951 0.953 0.948 0.944 0.942 0.941 0.935 0.934 0.931 0.903 0.875
ASN01B4805_002 0.044 0.048 0.046 0.046 0.049 0.047 0.052 0.056 0.058 0.059 0.065 0.066 0.069 0.097 0.125
ASN01B4806_001 0.051 0.051 0.049 0.049 0.049 0.050 0.054 0.051 0.058 0.062 0.070 0.078 0.077 0.079 0.070
ASN01B4806_002 0.949 0.949 0.951 0.951 0.951 0.950 0.946 0.949 0.942 0.938 0.930 0.922 0.923 0.921 0.930
PHE01B4807_001 1.000 1.000 1.000 1.000 1.000 1.000 1.000 1.000 1.000 1.000 1.000 1.000 1.000 1.000 1.000
PHE01B4808_001 1.000 1.000 1.000 1.000 1.000 1.000 1.000 1.000 1.000 1.000 1.000 1.000 1.000 1.000 1.000
PHE01B4809_001 1.000 1.000 1.000 1.000 1.000 1.000 1.000 1.000 1.000 1.000 1.000 1.000 1.000 1.000 1.000
ALA01B4810_001 1.000 1.000 1.000 1.000 1.000 1.000 1.000 1.000 1.000 1.000 1.000 1.000 1.000 1.000 1.000
ALA01B4811_001 1.000 1.000 1.000 1.000 1.000 1.000 1.000 1.000 1.000 1.000 1.000 1.000 1.000 1.000 1.000
HIS01B4812_001 0.000 0.000 0.000 0.000 0.014 0.070 0.210 0.267 0.364 0.515 0.586 0.583 0.605 0.592 0.562
HIS02B4812_002 0.000 0.000 0.000 0.000 0.016 0.081 0.204 0.197 0.271 0.385 0.394 0.415 0.395 0.408 0.438
HIS+1B4812_003 1.000 1.000 1.000 1.000 0.970 0.849 0.586 0.536 0.365 0.100 0.020 0.003 0.000 0.000 0.000
LEU01B4813_001 1.000 1.000 1.000 1.000 1.000 1.000 1.000 1.000 1.000 1.000 1.000 1.000 1.000 1.000 1.000
LEU01B4814_001 1.000 1.000 1.000 1.000 1.000 1.000 1.000 1.000 1.000 1.000 1.000 1.000 1.000 1.000 1.000
ASP01B4815_001 0.000 0.000 0.000 0.000 0.000 0.000 0.000 0.000 0.000 0.000 0.000 0.000 0.000 0.000 0.000
ASP01B4815_002 0.021 0.020 0.020 0.020 0.021 0.016 0.016 0.011 0.006 0.002 0.000 0.000 0.000 0.000 0.000
ASP02B4815_003 0.013 0.013 0.015 0.013 0.013 0.011 0.009 0.006 0.003 0.000 0.000 0.000 0.000 0.000 0.000
ASP02B4815_004 0.966 0.966 0.965 0.965 0.956 0.934 0.834 0.558 0.310 0.084 0.016 0.003 0.000 0.000 0.000
ASP-1B4815_005 0.000 0.000 0.000 0.002 0.010 0.040 0.141 0.426 0.681 0.914 0.984 0.997 1.000 1.000 1.000
ILE01B4816_001 1.000 1.000 1.000 1.000 1.000 1.000 1.000 1.000 1.000 1.000 1.000 1.000 1.000 1.000 1.000
ALA01B4817_001 1.000 1.000 1.000 1.000 1.000 1.000 1.000 1.000 1.000 1.000 1.000 1.000 1.000 1.000 1.000
MET01B4818_001 1.000 1.000 1.000 1.000 1.000 1.000 1.000 1.000 1.000 1.000 1.000 1.000 1.000 1.000 1.000
CTR01B4818_001 0.010 0.009 0.010 0.009 0.006 0.001 0.000 0.000 0.000 0.000 0.000 0.000 0.000 0.000 0.000
CTR01B4818_002 0.428 0.433 0.436 0.415 0.296 0.088 0.018 0.002 0.000 0.000 0.000 0.000 0.000 0.000 0.000
CTR02B4818_003 0.000 0.000 0.000 0.000 0.000 0.000 0.000 0.000 0.000 0.000 0.000 0.000 0.000 0.000 0.000
CTR02B4818_004 0.562 0.558 0.554 0.528 0.384 0.119 0.023 0.003 0.002 0.000 0.000 0.000 0.000 0.000 0.000
CTR-1B4818_005 0.000 0.000 0.000 0.048 0.314 0.791 0.959 0.995 0.998 1.000 1.000 1.000 1.000 1.000 1.000
NTR01B4849_001 0.000 0.004 0.040 0.251 0.714 0.951 0.994 1.000 1.000 1.000 1.000 1.000 1.000 1.000 1.000
NTR+1B4849_002 1.000 0.996 0.960 0.749 0.286 0.049 0.006 0.000 0.000 0.000 0.000 0.000 0.000 0.000 0.000
TYR01B4849_001 1.000 1.000 1.000 1.000 1.000 1.000 1.000 1.000 0.987 0.889 0.466 0.092 0.012 0.000 0.000
TYR-1B4849_002 0.000 0.000 0.000 0.000 0.000 0.000 0.000 0.000 0.013 0.111 0.534 0.908 0.988 1.000 1.000
LEU01B4850_001 1.000 1.000 1.000 1.000 1.000 1.000 1.000 1.000 1.000 1.000 1.000 1.000 1.000 1.000 1.000
TYR01B4851_001 0.545 0.545 0.540 0.536 0.526 0.517 0.520 0.520 0.494 0.409 0.186 0.037 0.005 0.000 0.000
TYR01B4851_002 0.455 0.455 0.460 0.464 0.474 0.483 0.480 0.480 0.475 0.393 0.178 0.038 0.004 0.000 0.000
TYR-1B4851_003 0.000 0.000 0.000 0.000 0.000 0.000 0.000 0.000 0.030 0.198 0.635 0.925 0.991 1.000 1.000
THR01B4852_001 0.956 0.956 0.955 0.937 0.893 0.885 0.882 0.902 0.907 0.911 0.915 0.915 0.921 0.917 0.908
THR01B4852_002 0.044 0.044 0.045 0.063 0.107 0.115 0.118 0.098 0.093 0.089 0.085 0.085 0.079 0.083 0.092
VAL01B4853_001 1.000 1.000 1.000 1.000 1.000 1.000 1.000 1.000 1.000 1.000 1.000 1.000 1.000 1.000 1.000
VAL01B4854_001 1.000 1.000 1.000 1.000 1.000 1.000 1.000 1.000 1.000 1.000 1.000 1.000 1.000 1.000 1.000
ALA01B4855_001 1.000 1.000 1.000 1.000 1.000 1.000 1.000 1.000 1.000 1.000 1.000 1.000 1.000 1.000 1.000
PHE01B4856_001 1.000 1.000 1.000 1.000 1.000 1.000 1.000 1.000 1.000 1.000 1.000 1.000 1.000 1.000 1.000
ASN01B4857_001 0.983 0.984 0.984 0.982 0.983 0.982 0.980 0.979 0.977 0.978 0.978 0.978 0.978 0.978 0.971
ASN01B4857_002 0.017 0.016 0.016 0.018 0.017 0.018 0.020 0.021 0.023 0.022 0.022 0.022 0.022 0.022 0.029
PHE01B4858_001 1.000 1.000 1.000 1.000 1.000 1.000 1.000 1.000 1.000 1.000 1.000 1.000 1.000 1.000 1.000
PHE01B4859_001 1.000 1.000 1.000 1.000 1.000 1.000 1.000 1.000 1.000 1.000 1.000 1.000 1.000 1.000 1.000
ARG01B4860_001 0.000 0.000 0.000 0.000 0.000 0.000 0.000 0.000 0.000 0.000 0.000 0.003 0.010 0.090 0.399
ARG02B4860_002 0.000 0.000 0.000 0.000 0.000 0.000 0.000 0.000 0.000 0.000 0.000 0.000 0.002 0.019 0.076
ARG03B4860_003 0.000 0.000 0.000 0.000 0.000 0.000 0.000 0.000 0.000 0.000 0.000 0.000 0.001 0.006 0.024
ARG+1B4860_004 1.000 1.000 1.000 1.000 1.000 1.000 1.000 1.000 1.000 1.000 1.000 0.997 0.987 0.886 0.501
LYS01B4861_001 0.000 0.000 0.000 0.000 0.000 0.000 0.000 0.001 0.007 0.043 0.200 0.577 0.907 0.985 1.000
LYS+1B4861_002 1.000 1.000 1.000 1.000 1.000 1.000 1.000 0.999 0.993 0.957 0.800 0.423 0.093 0.015 0.000
PHE01B4862_001 1.000 1.000 1.000 1.000 1.000 1.000 1.000 1.000 1.000 1.000 1.000 1.000 1.000 1.000 1.000
TYR01B4863_001 0.451 0.454 0.469 0.462 0.467 0.448 0.439 0.433 0.433 0.437 0.448 0.445 0.434 0.401 0.314
TYR01B4863_002 0.549 0.546 0.531 0.538 0.533 0.552 0.561 0.567 0.567 0.563 0.552 0.551 0.550 0.533 0.448
TYR-1B4863_003 0.000 0.000 0.000 0.000 0.000 0.000 0.000 0.000 0.000 0.000 0.000 0.004 0.016 0.067 0.238
ASN01B4864_001 0.050 0.055 0.067 0.156 0.282 0.353 0.385 0.399 0.425 0.392 0.285 0.205 0.169 0.157 0.154
ASN01B4864_002 0.950 0.945 0.933 0.844 0.718 0.647 0.615 0.601 0.575 0.608 0.715 0.795 0.831 0.843 0.846
LYS01B4865_001 0.000 0.000 0.000 0.000 0.000 0.001 0.006 0.039 0.212 0.625 0.884 0.957 0.974 0.991 0.999
LYS+1B4865_002 1.000 1.000 1.000 1.000 1.000 0.999 0.994 0.961 0.788 0.375 0.116 0.043 0.026 0.009 0.001
SER01B4866_001 1.000 1.000 1.000 1.000 1.000 1.000 1.000 1.000 1.000 1.000 1.000 1.000 1.000 1.000 1.000
GLU01B4867_001 0.008 0.008 0.009 0.010 0.011 0.012 0.012 0.016 0.014 0.003 0.000 0.000 0.000 0.000 0.000
GLU01B4867_002 0.231 0.220 0.227 0.232 0.254 0.295 0.348 0.322 0.183 0.052 0.006 0.000 0.000 0.000 0.000
GLU02B4867_003 0.015 0.016 0.015 0.017 0.014 0.012 0.009 0.008 0.004 0.001 0.000 0.000 0.000 0.000 0.000
GLU02B4867_004 0.746 0.756 0.749 0.741 0.719 0.673 0.605 0.502 0.265 0.061 0.008 0.000 0.000 0.000 0.000
GLU-1B4867_005 0.000 0.000 0.000 0.000 0.002 0.008 0.027 0.151 0.535 0.884 0.987 1.000 1.000 1.000 1.000
ASP01B4868_001 0.024 0.025 0.022 0.020 0.011 0.003 0.000 0.000 0.000 0.000 0.000 0.000 0.000 0.000 0.000
ASP01B4868_002 0.645 0.641 0.631 0.542 0.288 0.082 0.014 0.000 0.000 0.000 0.000 0.000 0.000 0.000 0.000
ASP02B4868_003 0.016 0.016 0.015 0.014 0.007 0.002 0.000 0.000 0.000 0.000 0.000 0.000 0.000 0.000 0.000
ASP02B4868_004 0.315 0.318 0.312 0.266 0.146 0.039 0.007 0.000 0.000 0.000 0.000 0.000 0.000 0.000 0.000
ASP-1B4868_005 0.000 0.000 0.020 0.159 0.548 0.875 0.979 1.000 1.000 1.000 1.000 1.000 1.000 1.000 1.000
GLU01B4869_001 0.008 0.008 0.008 0.008 0.007 0.005 0.001 0.000 0.000 0.000 0.000 0.000 0.000 0.000 0.000
GLU01B4869_002 0.290 0.283 0.282 0.272 0.219 0.102 0.018 0.003 0.000 0.000 0.000 0.000 0.000 0.000 0.000
GLU02B4869_003 0.042 0.041 0.037 0.037 0.028 0.016 0.004 0.000 0.000 0.000 0.000 0.000 0.000 0.000 0.000
GLU02B4869_004 0.660 0.669 0.665 0.626 0.466 0.226 0.051 0.007 0.002 0.000 0.000 0.000 0.000 0.000 0.000
GLU-1B4869_005 0.000 0.000 0.008 0.057 0.281 0.651 0.927 0.990 0.998 1.000 1.000 1.000 1.000 1.000 1.000
ASP01B4870_001 0.015 0.015 0.016 0.017 0.018 0.010 0.003 0.000 0.000 0.000 0.000 0.000 0.000 0.000 0.000
ASP01B4870_002 0.401 0.393 0.409 0.396 0.347 0.208 0.057 0.013 0.004 0.000 0.000 0.000 0.000 0.000 0.000
ASP02B4870_003 0.041 0.045 0.042 0.039 0.037 0.018 0.006 0.000 0.000 0.000 0.000 0.000 0.000 0.000 0.000
ASP02B4870_004 0.543 0.547 0.530 0.520 0.431 0.249 0.062 0.014 0.005 0.000 0.000 0.000 0.000 0.000 0.000
ASP-1B4870_005 0.000 0.000 0.004 0.028 0.168 0.515 0.872 0.973 0.992 1.000 1.000 1.000 1.000 1.000 1.000
GLU01B4871_001 0.021 0.021 0.020 0.012 0.006 0.002 0.000 0.000 0.000 0.000 0.000 0.000 0.000 0.000 0.000
GLU01B4871_002 0.408 0.399 0.384 0.262 0.102 0.025 0.006 0.003 0.000 0.000 0.000 0.000 0.000 0.000 0.000
GLU02B4871_003 0.002 0.002 0.001 0.001 0.000 0.000 0.000 0.000 0.000 0.000 0.000 0.000 0.000 0.000 0.000
GLU02B4871_004 0.570 0.569 0.532 0.380 0.148 0.036 0.009 0.000 0.002 0.000 0.001 0.000 0.000 0.000 0.000
GLU-1B4871_005 0.000 0.009 0.063 0.344 0.744 0.937 0.985 0.997 0.998 1.000 0.998 1.000 1.000 1.000 1.000
CTR01B4871_001 0.000 0.000 0.000 0.000 0.000 0.000 0.000 0.000 0.000 0.000 0.000 0.000 0.000 0.000 0.000
CTR01B4871_002 1.000 1.000 0.998 0.996 0.992 0.968 0.903 0.648 0.228 0.047 0.000 0.000 0.000 0.000 0.000
CTR02B4871_003 0.000 0.000 0.000 0.000 0.000 0.000 0.000 0.000 0.000 0.000 0.000 0.000 0.000 0.000 0.000
CTR02B4871_004 0.000 0.000 0.002 0.002 0.000 0.003 0.000 0.003 0.000 0.000 0.000 0.000 0.000 0.000 0.000
CTR-1B4871_005 0.000 0.000 0.000 0.002 0.008 0.029 0.097 0.349 0.772 0.953 1.000 1.000 1.000 1.000 1.000
NTR01B4872_001 1.000 1.000 1.000 1.000 1.000 1.000 1.000 1.000 1.000 1.000 1.000 1.000 1.000 1.000 1.000
NTR+1B4872_002 0.000 0.000 0.000 0.000 0.000 0.000 0.000 0.000 0.000 0.000 0.000 0.000 0.000 0.000 0.000
PRO01B4872_001 1.000 1.000 1.000 1.000 1.000 1.000 1.000 1.000 1.000 1.000 1.000 1.000 1.000 1.000 1.000
ASP01B4873_001 0.000 0.000 0.000 0.000 0.000 0.000 0.000 0.000 0.000 0.000 0.000 0.000 0.000 0.000 0.000
ASP01B4873_002 0.000 0.000 0.000 0.000 0.000 0.000 0.000 0.000 0.000 0.000 0.000 0.000 0.000 0.000 0.000
ASP02B4873_003 0.481 0.088 0.015 0.000 0.000 0.000 0.000 0.000 0.000 0.000 0.000 0.000 0.000 0.000 0.000
ASP02B4873_004 0.036 0.008 0.000 0.000 0.000 0.000 0.000 0.000 0.000 0.000 0.000 0.000 0.000 0.000 0.000
ASP-1B4873_005 0.483 0.903 0.985 1.000 1.000 1.000 1.000 1.000 1.000 1.000 1.000 1.000 1.000 1.000 1.000
MET01B4874_001 1.000 1.000 1.000 1.000 1.000 1.000 1.000 1.000 1.000 1.000 1.000 1.000 1.000 1.000 1.000
LYS01B4875_001 0.000 0.000 0.000 0.000 0.000 0.000 0.000 0.000 0.005 0.014 0.032 0.068 0.257 0.727 0.953
LYS+1B4875_002 1.000 1.000 1.000 1.000 1.000 1.000 1.000 1.000 0.995 0.986 0.968 0.932 0.743 0.273 0.047
CYS01B4876_001 0.096 0.092 0.092 0.090 0.086 0.085 0.082 0.080 0.077 0.075 0.070 0.066 0.063 0.054 0.045
CYS01B4876_002 0.420 0.426 0.434 0.437 0.459 0.461 0.484 0.502 0.514 0.526 0.541 0.550 0.573 0.588 0.652
CYS01B4876_003 0.484 0.482 0.474 0.473 0.455 0.455 0.434 0.418 0.410 0.399 0.389 0.384 0.364 0.358 0.303
CYS-1B4876_004 0.000 0.000 0.000 0.000 0.000 0.000 0.000 0.000 0.000 0.000 0.000 0.000 0.000 0.000 0.000
ASP01B4877_001 0.000 0.003 0.004 0.000 0.003 0.002 0.001 0.000 0.000 0.000 0.000 0.000 0.000 0.000 0.000
ASP01B4877_002 0.108 0.100 0.099 0.097 0.082 0.055 0.022 0.006 0.000 0.000 0.000 0.000 0.000 0.000 0.000
ASP02B4877_003 0.156 0.135 0.138 0.131 0.112 0.072 0.027 0.007 0.001 0.000 0.000 0.000 0.000 0.000 0.000
ASP02B4877_004 0.736 0.762 0.754 0.740 0.629 0.404 0.158 0.037 0.007 0.002 0.000 0.000 0.000 0.000 0.000
ASP-1B4877_005 0.000 0.000 0.004 0.032 0.174 0.466 0.793 0.950 0.992 0.998 1.000 1.000 1.000 1.000 1.000
ASP01B4878_001 0.000 0.000 0.000 0.000 0.000 0.000 0.000 0.000 0.000 0.000 0.000 0.000 0.000 0.000 0.000
ASP01B4878_002 0.442 0.462 0.462 0.455 0.383 0.202 0.065 0.009 0.000 0.000 0.000 0.000 0.000 0.000 0.000
ASP02B4878_003 0.055 0.053 0.052 0.052 0.035 0.018 0.000 0.000 0.000 0.000 0.000 0.000 0.000 0.000 0.000
ASP02B4878_004 0.503 0.485 0.480 0.446 0.338 0.145 0.040 0.005 0.000 0.000 0.000 0.000 0.000 0.000 0.000
ASP-1B4878_005 0.000 0.000 0.006 0.047 0.243 0.635 0.895 0.985 1.000 1.000 1.000 1.000 1.000 1.000 1.000
MET01B4879_001 1.000 1.000 1.000 1.000 1.000 1.000 1.000 1.000 1.000 1.000 1.000 1.000 1.000 1.000 1.000
MET01B4880_001 1.000 1.000 1.000 1.000 1.000 1.000 1.000 1.000 1.000 1.000 1.000 1.000 1.000 1.000 1.000
THR01B4881_001 0.628 0.620 0.615 0.576 0.447 0.201 0.056 0.007 0.000 0.000 0.000 0.000 0.000 0.000 0.000
THR01B4881_002 0.071 0.069 0.069 0.065 0.053 0.033 0.022 0.018 0.016 0.015 0.015 0.015 0.013 0.015 0.015
THR01B4881_003 0.302 0.311 0.316 0.359 0.500 0.766 0.922 0.975 0.984 0.985 0.985 0.985 0.987 0.985 0.985
CYS01B4882_001 0.457 0.465 0.482 0.483 0.505 0.488 0.495 0.517 0.522 0.534 0.543 0.566 0.581 0.570 0.569
CYS01B4882_002 0.021 0.020 0.020 0.020 0.018 0.022 0.025 0.025 0.022 0.024 0.026 0.026 0.025 0.028 0.048
CYS01B4882_003 0.522 0.514 0.497 0.497 0.476 0.490 0.480 0.458 0.455 0.442 0.431 0.408 0.394 0.402 0.379
CYS-1B4882_004 0.000 0.000 0.000 0.000 0.000 0.000 0.000 0.000 0.000 0.000 0.000 0.000 0.000 0.000 0.004
TYR01B4883_001 0.127 0.125 0.139 0.202 0.341 0.409 0.433 0.446 0.449 0.456 0.452 0.466 0.461 0.368 0.143
TYR01B4883_002 0.873 0.875 0.861 0.798 0.659 0.591 0.567 0.554 0.551 0.544 0.545 0.520 0.490 0.391 0.141
TYR-1B4883_003 0.000 0.000 0.000 0.000 0.000 0.000 0.000 0.000 0.000 0.000 0.003 0.014 0.050 0.242 0.717
CTR01B4883_001 0.002 0.000 0.002 0.004 0.004 0.000 0.003 0.004 0.004 0.000 0.004 0.002 0.000 0.000 0.000
CTR01B4883_002 0.381 0.390 0.391 0.416 0.465 0.499 0.577 0.707 0.755 0.753 0.683 0.389 0.110 0.033 0.018
CTR02B4883_003 0.013 0.013 0.014 0.012 0.010 0.010 0.009 0.005 0.005 0.004 0.004 0.001 0.000 0.000 0.000
CTR02B4883_004 0.603 0.596 0.593 0.568 0.521 0.492 0.410 0.284 0.232 0.218 0.189 0.106 0.026 0.009 0.000
CTR-1B4883_005 0.000 0.000 0.000 0.000 0.000 0.000 0.001 0.000 0.005 0.025 0.121 0.501 0.864 0.958 0.982
NTR01B4885_001 1.000 1.000 1.000 1.000 1.000 1.000 1.000 1.000 1.000 1.000 1.000 1.000 1.000 1.000 1.000
NTR+1B4885_002 0.000 0.000 0.000 0.000 0.000 0.000 0.000 0.000 0.000 0.000 0.000 0.000 0.000 0.000 0.000
CTR01B4885_001 0.004 0.005 0.005 0.004 0.003 0.000 0.002 0.001 0.000 0.000 0.000 0.000 0.000 0.000 0.000
CTR01B4885_002 0.552 0.556 0.559 0.561 0.550 0.531 0.361 0.098 0.016 0.004 0.000 0.000 0.000 0.000 0.000
CTR02B4885_003 0.005 0.000 0.005 0.005 0.005 0.000 0.003 0.001 0.000 0.000 0.000 0.000 0.000 0.000 0.000
CTR02B4885_004 0.439 0.439 0.431 0.430 0.422 0.402 0.284 0.079 0.013 0.003 0.000 0.000 0.000 0.000 0.000
CTR-1B4885_005 0.000 0.000 0.000 0.000 0.020 0.068 0.349 0.822 0.971 0.993 1.000 1.000 1.000 1.000 1.000
PHE01B4885_001 1.000 1.000 1.000 1.000 1.000 1.000 1.000 1.000 1.000 1.000 1.000 1.000 1.000 1.000 1.000
NTR01B4887_001 1.000 1.000 1.000 1.000 1.000 1.000 1.000 1.000 1.000 1.000 1.000 1.000 1.000 1.000 1.000
NTR+1B4887_002 0.000 0.000 0.000 0.000 0.000 0.000 0.000 0.000 0.000 0.000 0.000 0.000 0.000 0.000 0.000
CTR01B4887_001 0.010 0.011 0.010 0.007 0.003 0.000 0.000 0.000 0.000 0.000 0.000 0.000 0.000 0.000 0.000
CTR01B4887_002 0.449 0.447 0.429 0.348 0.146 0.032 0.006 0.001 0.000 0.000 0.000 0.000 0.000 0.000 0.000
CTR02B4887_003 0.000 0.000 0.000 0.000 0.000 0.000 0.000 0.000 0.000 0.000 0.000 0.000 0.000 0.000 0.000
CTR02B4887_004 0.541 0.538 0.524 0.421 0.180 0.046 0.008 0.001 0.000 0.000 0.000 0.000 0.000 0.000 0.000
CTR-1B4887_005 0.000 0.004 0.037 0.224 0.671 0.922 0.986 0.998 1.000 1.000 1.000 1.000 1.000 1.000 1.000
MET01B4887_001 1.000 1.000 1.000 1.000 1.000 1.000 1.000 1.000 1.000 1.000 1.000 1.000 1.000 1.000 1.000
NTR01B4899_001 0.000 0.000 0.000 0.001 0.000 0.000 0.000 0.015 0.093 0.437 0.835 0.973 0.996 1.000 1.000
NTR+1B4899_002 1.000 1.000 1.000 0.999 1.000 1.000 1.000 0.985 0.907 0.563 0.165 0.027 0.004 0.000 0.000
ASP01B4899_001 0.000 0.000 0.000 0.000 0.000 0.000 0.000 0.000 0.000 0.000 0.000 0.000 0.000 0.000 0.000
ASP01B4899_002 0.054 0.048 0.031 0.009 0.002 0.000 0.000 0.000 0.000 0.000 0.000 0.000 0.000 0.000 0.000
ASP02B4899_003 0.052 0.047 0.027 0.008 0.002 0.000 0.000 0.000 0.000 0.000 0.000 0.000 0.000 0.000 0.000
ASP02B4899_004 0.882 0.813 0.511 0.141 0.032 0.007 0.000 0.000 0.000 0.000 0.000 0.000 0.000 0.000 0.000
ASP-1B4899_005 0.012 0.092 0.431 0.841 0.964 0.993 1.000 1.000 1.000 1.000 1.000 1.000 1.000 1.000 1.000
GLU01B4900_001 0.000 0.000 0.000 0.000 0.000 0.000 0.000 0.000 0.000 0.000 0.000 0.000 0.000 0.000 0.000
GLU01B4900_002 0.006 0.005 0.005 0.005 0.002 0.000 0.000 0.000 0.000 0.000 0.000 0.000 0.000 0.000 0.000
GLU02B4900_003 0.087 0.079 0.073 0.054 0.026 0.007 0.000 0.000 0.000 0.000 0.000 0.000 0.000 0.000 0.000
GLU02B4900_004 0.907 0.907 0.868 0.696 0.327 0.065 0.015 0.000 0.000 0.000 0.000 0.000 0.000 0.000 0.000
GLU-1B4900_005 0.000 0.009 0.055 0.245 0.645 0.929 0.985 1.000 1.000 1.000 1.000 1.000 1.000 1.000 1.000
ILE01B4901_001 1.000 1.000 1.000 1.000 1.000 1.000 1.000 1.000 1.000 1.000 1.000 1.000 1.000 1.000 1.000
GLU01B4902_001 0.000 0.000 0.000 0.000 0.000 0.000 0.000 0.000 0.000 0.000 0.000 0.000 0.000 0.000 0.000
GLU01B4902_002 0.033 0.031 0.030 0.024 0.018 0.016 0.015 0.014 0.014 0.011 0.004 0.000 0.000 0.000 0.000
GLU02B4902_003 0.017 0.015 0.015 0.012 0.006 0.000 0.000 0.005 0.004 0.003 0.000 0.000 0.000 0.000 0.000
GLU02B4902_004 0.950 0.954 0.955 0.965 0.976 0.984 0.985 0.967 0.911 0.674 0.274 0.056 0.008 0.000 0.000
GLU-1B4902_005 0.000 0.000 0.000 0.000 0.000 0.000 0.000 0.015 0.071 0.312 0.721 0.944 0.992 1.000 1.000
CTR01B4902_001 0.000 0.000 0.000 0.000 0.000 0.000 0.000 0.000 0.000 0.000 0.000 0.000 0.000 0.000 0.000
CTR01B4902_002 0.004 0.002 0.000 0.001 0.001 0.000 0.000 0.000 0.000 0.000 0.000 0.000 0.000 0.000 0.000
CTR02B4902_003 0.306 0.147 0.034 0.009 0.000 0.002 0.001 0.000 0.000 0.000 0.000 0.000 0.000 0.000 0.000
CTR02B4902_004 0.560 0.309 0.104 0.059 0.054 0.044 0.037 0.019 0.003 0.000 0.000 0.000 0.000 0.000 0.000
CTR-1B4902_005 0.130 0.542 0.862 0.931 0.945 0.954 0.961 0.981 0.997 1.000 1.000 1.000 1.000 1.000 1.000
NTR01B4904_001 0.006 0.030 0.043 0.048 0.057 0.067 0.185 0.620 0.925 0.985 1.000 1.000 1.000 1.000 1.000
NTR+1B4904_002 0.994 0.970 0.957 0.952 0.943 0.933 0.815 0.380 0.075 0.015 0.000 0.000 0.000 0.000 0.000
PRO01B4904_001 1.000 1.000 1.000 1.000 1.000 1.000 1.000 1.000 1.000 1.000 1.000 1.000 1.000 1.000 1.000
ALA01B4905_001 1.000 1.000 1.000 1.000 1.000 1.000 1.000 1.000 1.000 1.000 1.000 1.000 1.000 1.000 1.000
ASP01B4907_001 0.000 0.000 0.000 0.000 0.000 0.000 0.000 0.000 0.000 0.000 0.000 0.000 0.000 0.000 0.000
ASP01B4907_002 0.011 0.011 0.011 0.009 0.003 0.001 0.000 0.000 0.000 0.000 0.000 0.000 0.000 0.000 0.000
ASP02B4907_003 0.244 0.239 0.230 0.162 0.055 0.011 0.002 0.000 0.000 0.000 0.000 0.000 0.000 0.000 0.000
ASP02B4907_004 0.745 0.744 0.709 0.503 0.195 0.038 0.007 0.000 0.000 0.000 0.000 0.000 0.000 0.000 0.000
ASP-1B4907_005 0.000 0.006 0.050 0.326 0.747 0.951 0.991 1.000 1.000 1.000 1.000 1.000 1.000 1.000 1.000
GLU01B4908_001 0.011 0.011 0.010 0.010 0.007 0.003 0.000 0.000 0.000 0.000 0.000 0.000 0.000 0.000 0.000
GLU01B4908_002 0.587 0.572 0.571 0.522 0.389 0.145 0.020 0.003 0.000 0.000 0.000 0.000 0.000 0.000 0.000
GLU02B4908_003 0.017 0.016 0.019 0.018 0.016 0.007 0.001 0.000 0.000 0.000 0.000 0.000 0.000 0.000 0.000
GLU02B4908_004 0.384 0.400 0.393 0.386 0.301 0.112 0.015 0.003 0.000 0.000 0.000 0.000 0.000 0.000 0.000
GLU-1B4908_005 0.000 0.001 0.008 0.064 0.286 0.733 0.963 0.994 0.999 1.000 1.000 1.000 1.000 1.000 1.000
TYR01B4909_001 1.000 1.000 1.000 1.000 1.000 1.000 1.000 0.999 0.988 0.913 0.580 0.175 0.026 0.003 0.000
TYR-1B4909_002 0.000 0.000 0.000 0.000 0.000 0.000 0.000 0.001 0.012 0.087 0.420 0.825 0.974 0.997 1.000
GLU01B4910_001 0.000 0.000 0.000 0.000 0.000 0.000 0.000 0.000 0.000 0.000 0.000 0.000 0.000 0.000 0.000
GLU01B4910_002 0.000 0.003 0.003 0.003 0.000 0.000 0.003 0.003 0.003 0.002 0.000 0.002 0.000 0.000 0.000
GLU02B4910_003 0.014 0.015 0.013 0.016 0.021 0.026 0.027 0.029 0.033 0.038 0.041 0.048 0.034 0.009 0.000
GLU02B4910_004 0.986 0.981 0.984 0.981 0.979 0.974 0.970 0.968 0.964 0.958 0.947 0.875 0.601 0.150 0.021
GLU-1B4910_005 0.000 0.000 0.000 0.000 0.000 0.000 0.000 0.000 0.000 0.002 0.012 0.075 0.365 0.841 0.979
CTR01B4910_001 0.001 0.001 0.000 0.002 0.002 0.000 0.000 0.000 0.000 0.000 0.000 0.000 0.000 0.000 0.000
CTR01B4910_002 0.364 0.386 0.396 0.398 0.291 0.079 0.011 0.002 0.000 0.000 0.000 0.000 0.000 0.000 0.000
CTR02B4910_003 0.009 0.008 0.008 0.005 0.004 0.001 0.000 0.000 0.000 0.000 0.000 0.000 0.000 0.000 0.000
CTR02B4910_004 0.626 0.601 0.572 0.474 0.295 0.085 0.011 0.002 0.000 0.000 0.000 0.000 0.000 0.000 0.000
CTR-1B4910_005 0.000 0.004 0.025 0.121 0.408 0.835 0.978 0.997 1.000 1.000 1.000 1.000 1.000 1.000 1.000
NTR01B4913_001 0.000 0.000 0.000 0.000 0.000 0.000 0.000 0.000 0.020 0.143 0.475 0.825 0.968 0.996 1.000
NTR+1B4913_002 1.000 1.000 1.000 1.000 1.000 1.000 1.000 1.000 0.980 0.857 0.525 0.175 0.032 0.004 0.000
CTR01B4913_001 0.000 0.000 0.000 0.000 0.000 0.000 0.000 0.000 0.000 0.000 0.000 0.000 0.000 0.000 0.000
CTR01B4913_002 0.367 0.350 0.265 0.111 0.030 0.005 0.001 0.000 0.000 0.000 0.000 0.000 0.000 0.000 0.000
CTR02B4913_003 0.000 0.000 0.000 0.000 0.000 0.000 0.000 0.000 0.000 0.000 0.000 0.000 0.000 0.000 0.000
CTR02B4913_004 0.626 0.596 0.435 0.189 0.053 0.011 0.003 0.000 0.000 0.000 0.000 0.000 0.000 0.000 0.000
CTR-1B4913_005 0.007 0.054 0.300 0.701 0.918 0.984 0.996 1.000 1.000 1.000 1.000 1.000 1.000 1.000 1.000
ARG01B4913_001 0.000 0.000 0.000 0.000 0.000 0.000 0.000 0.000 0.000 0.000 0.001 0.000 0.000 0.012 0.066
ARG02B4913_002 0.000 0.000 0.000 0.000 0.000 0.000 0.000 0.000 0.000 0.000 0.000 0.000 0.000 0.002 0.009
ARG03B4913_003 0.000 0.000 0.000 0.000 0.000 0.000 0.000 0.000 0.000 0.000 0.000 0.000 0.000 0.002 0.008
ARG+1B4913_004 1.000 1.000 1.000 1.000 1.000 1.000 1.000 1.000 1.000 1.000 0.999 1.000 1.000 0.984 0.918
NTR01B5009_001 0.000 0.000 0.000 0.000 0.000 0.000 0.000 0.006 0.041 0.241 0.680 0.929 0.990 0.999 1.000
NTR+1B5009_002 1.000 1.000 1.000 1.000 1.000 1.000 1.000 0.994 0.959 0.759 0.320 0.071 0.010 0.001 0.000
CTR01B5009_001 0.011 0.011 0.012 0.009 0.002 0.000 0.000 0.000 0.000 0.000 0.000 0.000 0.000 0.000 0.000
CTR01B5009_002 0.467 0.464 0.434 0.287 0.083 0.013 0.001 0.000 0.000 0.000 0.000 0.000 0.000 0.000 0.000
CTR02B5009_003 0.000 0.000 0.000 0.000 0.000 0.000 0.000 0.000 0.000 0.000 0.000 0.000 0.000 0.000 0.000
CTR02B5009_004 0.522 0.525 0.487 0.317 0.089 0.013 0.001 0.000 0.000 0.000 0.000 0.000 0.000 0.000 0.000
CTR-1B5009_005 0.000 0.000 0.067 0.387 0.826 0.974 0.997 1.000 1.000 1.000 1.000 1.000 1.000 1.000 1.000
TYR01B5009_001 1.000 1.000 1.000 1.000 1.000 1.000 1.000 1.000 0.992 0.945 0.738 0.274 0.041 0.005 0.000
TYR-1B5009_002 0.000 0.000 0.000 0.000 0.000 0.000 0.000 0.000 0.008 0.055 0.262 0.726 0.959 0.995 1.000
NTR01B5015_001 0.000 0.000 0.000 0.000 0.000 0.000 0.000 0.006 0.055 0.340 0.800 0.971 0.997 1.000 1.000
NTR+1B5015_002 1.000 1.000 1.000 1.000 1.000 1.000 1.000 0.994 0.945 0.660 0.200 0.029 0.003 0.000 0.000
CTR01B5015_001 0.008 0.009 0.008 0.004 0.001 0.000 0.000 0.000 0.000 0.000 0.000 0.000 0.000 0.000 0.000
CTR01B5015_002 0.428 0.424 0.381 0.232 0.057 0.008 0.000 0.000 0.000 0.000 0.000 0.000 0.000 0.000 0.000
CTR02B5015_003 0.000 0.000 0.000 0.000 0.000 0.000 0.000 0.000 0.000 0.000 0.000 0.000 0.000 0.000 0.000
CTR02B5015_004 0.563 0.559 0.520 0.313 0.080 0.011 0.000 0.000 0.000 0.000 0.000 0.000 0.000 0.000 0.000
CTR-1B5015_005 0.000 0.009 0.091 0.450 0.862 0.981 1.000 1.000 1.000 1.000 1.000 1.000 1.000 1.000 1.000
GLN01B5015_001 0.434 0.438 0.439 0.446 0.454 0.451 0.456 0.455 0.446 0.396 0.322 0.292 0.285 0.288 0.285
GLN01B5015_002 0.566 0.562 0.561 0.554 0.546 0.549 0.544 0.545 0.554 0.604 0.678 0.708 0.715 0.712 0.715
