   Rotamer making statitics:
   Residue   Start  Clean   Swap Rotate   Self  Hbond Repack  Ioni.   TorH     OH  Elect
   NTRB3639      1      1      1      1      1      1      1      2      2      2      2
   THRB3639      1      1      1      1      1      1      1      1      2      2      2
   PROB3640      1      1      1      1      1      1      1      1      1      1      1
   LEUB3641      1      1      1      1      1      1      1      1      1      1      1
   TYRB3642      1      1      1      1      1      1      1      2      2      2      2
   ASNB3643      1      1      2      2      2      2      1      1      1      1      1
   LEUB3644      1      1      1      1      1      1      1      1      1      1      1
   PROB3645      1      1      1      1      1      1      1      1      1      1      1
   THRB3646      1      1      1      1      1      1      1      1      2      2      1
   HISB3647      1      1      2      2      2      2      2      6      6      6      6
   ARGB3648      1      1      1      1      1      1      1      4      4      4      4
   ALAB3649      1      1      1      1      1      1      1      1      1      1      1
   CYSB3650      1      1      1      1      1      1      1      2      4      4      4
   ASNB3651      1      1      2      2      2      2      2      2      2      2      2
   METB3652      1      1      1      1      1      1      1      1      1      1      1
   PHEB3653      1      1      1      1      1      1      1      1      1      1      1
   LEUB3654      1      1      1      1      1      1      1      1      1      1      1
   GLUB3655      1      1      1      1      1      1      1      3      5      5      5
   SERB3656      1      1      1      1      1      1      1      1      1      1      1
   TYRB3657      1      1      1      1      1      1      1      2      3      3      2
   LYSB3658      1      1      1      1      1      1      1      2      2      2      2
   ALAB3659      1      1      1      1      1      1      1      1      1      1      1
   ALAB3660      1      1      1      1      1      1      1      1      1      1      1
   TRPB3661      1      1      1      1      1      1      1      1      1      1      1
   ILEB3662      1      1      1      1      1      1      1      1      1      1      1
   LEUB3663      1      1      1      1      1      1      1      1      1      1      1
   THRB3664      1      1      1      1      1      1      1      1      1      1      1
   GLUB3665      1      1      1      1      1      1      1      3      5      5      5
   ASPB3666      1      1      1      1      1      1      1      3      5      5      5
   HISB3667      1      1      2      2      2      2      2      6      6      6      6
   SERB3668      1      1      1      1      1      1      1      1      2      2      2
   PHEB3669      1      1      1      1      1      1      1      1      1      1      1
   GLUB3670      1      1      1      1      1      1      1      3      5      5      5
   ASPB3671      1      1      1      1      1      1      1      3      5      5      5
   ARGB3672      1      1      1      1      1      1      1      4      4      4      4
   METB3673      1      1      1      1      1      1      1      1      1      1      1
   ILEB3674      1      1      1      1      1      1      1      1      1      1      1
   ASPB3675      1      1      1      1      1      1      1      3      5      5      5
   ASPB3676      1      1      1      1      1      1      1      3      5      5      5
   CTRB3676      1      1      1      1      1      1      1      3      5      5      5
   NTRB3678      1      1      1      1      1      1      1      2      2      2      2
   SERB3678      1      1      1      1      1      1      1      1      2      2      2
   LYSB3679      1      1      1      1      1      1      1      2      2      2      2
   ALAB3680      1      1      1      1      1      1      1      1      1      1      1
   GLYB3681      0      0      0      0      0      0      0      0      0      0      0
   GLUB3682      1      1      1      1      1      1      1      3      5      5      5
   GLNB3683      1      1      2      2      1      1      1      1      1      1      1
   GLUB3684      1      1      1      1      1      1      1      3      5      5      5
   GLUB3685      1      1      1      1      1      1      1      3      5      5      5
   GLUB3686      1      1      1      1      1      1      1      3      5      5      5
   GLUB3687      1      1      1      1      1      1      1      3      5      5      5
   GLUB3688      1      1      1      1      1      1      1      3      5      5      5
   GLUB3689      1      1      1      1      1      1      1      3      5      5      5
   VALB3690      1      1      1      1      1      1      1      1      1      1      1
   GLUB3691      1      1      1      1      1      1      1      3      5      5      5
   GLUB3692      1      1      1      1      1      1      1      3      5      5      5
   LYSB3693      1      1      1      1      1      1      1      2      2      2      2
   LYSB3694      1      1      1      1      1      1      1      2      2      2      2
   CTRB3694      1      1      1      1      1      1      1      3      5      5      5
   NTRB3710      1      1      1      1      1      1      1      2      2      2      2
   LEUB3710      1      1      1      1      1      1      1      1      1      1      1
   THRB3711      1      1      1      1      1      1      1      1      2      2      2
   GLUB3712      1      1      1      1      1      1      1      3      5      5      5
   LYSB3713      1      1      1      1      1      1      1      2      2      2      2
   SERB3714      1      1      1      1      1      1      1      1      1      1      1
   LYSB3715      1      1      1      1      1      1      1      2      2      2      2
   LEUB3716      1      1      1      1      1      1      1      1      1      1      1
   ASPB3717      1      1      1      1      1      1      1      3      5      5      5
   GLUB3718      1      1      1      1      1      1      1      3      5      5      5
   ASPB3719      1      1      1      1      1      1      1      3      5      5      5
   TYRB3720      1      1      1      1      1      1      1      2      3      3      2
   CTRB3720      1      1      1      1      1      1      1      3      5      5      5
   NTRB3725      1      1      1      1      1      1      1      2      2      2      2
   TYRB3725      1      1      1      1      1      1      1      2      3      3      2
   ALAB3726      1      1      1      1      1      1      1      1      1      1      1
   ASPB3727      1      1      1      1      1      1      1      3      5      5      5
   ILEB3728      1      1      1      1      1      1      1      1      1      1      1
   METB3729      1      1      1      1      1      1      1      1      1      1      1
   ALAB3730      1      1      1      1      1      1      1      1      1      1      1
   LYSB3731      1      1      1      1      1      1      1      2      2      2      2
   SERB3732      1      1      1      1      1      1      1      1      3      3      3
   CYSB3733      1      1      1      1      1      1      1      2      4      4      4
   HISB3734      1      1      2      2      2      2      2      6      6      6      6
   LEUB3735      1      1      1      1      1      1      1      1      1      1      1
   GLUB3736      1      1      1      1      1      1      1      3      5      5      5
   GLUB3737      1      1      1      1      1      1      1      3      5      5      5
   GLYB3738      0      0      0      0      0      0      0      0      0      0      0
   GLYB3739      0      0      0      0      0      0      0      0      0      0      0
   GLUB3740      1      1      1      1      1      1      1      3      5      5      5
   ASNB3741      1      1      2      2      2      2      1      1      1      1      1
   CTRB3741      1      1      1      1      1      1      1      3      5      5      5
   NTRB3747      1      1      1      1      1      1      1      2      2      2      2
   GLUB3747      1      1      1      1      1      1      1      3      5      5      5
   GLUB3748      1      1      1      1      1      1      1      3      5      5      5
   VALB3749      1      1      1      1      1      1      1      1      1      1      1
   CTRB3749      1      1      1      1      1      1      1      3      5      5      5
   NTRB3769      1      1      1      1      1      1      1      2      2      2      2
   ARGB3769      1      1      1      1      1      1      1      4      4      4      4
   LEUB3770      1      1      1      1      1      1      1      1      1      1      1
   CTRB3770      1      1      1      1      1      1      1      3      5      5      5
   NTRB3790      1      1      1      1      1      1      1      2      3      3      3
   CTRB3790      1      1      1      1      1      1      1      3      5      5      5
   THRB3790      1      1      1      1      1      1      1      1      3      3      3
   NTRB3831      1      1      1      1      1      1      1      2      3      3      3
   CTRB3831      1      1      1      1      1      1      1      3      5      5      5
   SERB3831      1      1      1      1      1      1      1      1      2      2      2
   NTRB3846      1      1      1      1      1      1      1      2      2      2      2
   ALAB3846      1      1      1      1      1      1      1      1      1      1      1
   PHEB3847      1      1      1      1      1      1      1      1      1      1      1
   GLUB3848      1      1      1      1      1      1      1      3      5      5      5
   ARGB3849      1      1      1      1      1      1      1      4      4      4      4
   GLNB3850      1      1      2      2      2      2      1      1      1      1      1
   ASNB3851      1      1      2      2      2      2      2      2      2      2      2
   LYSB3852      1      1      1      1      1      1      1      2      2      2      2
   ALAB3853      1      1      1      1      1      1      1      1      1      1      1
   GLUB3854      1      1      1      1      1      1      1      3      5      5      5
   GLYB3855      0      0      0      0      0      0      0      0      0      0      0
   LEUB3856      1      1      1      1      1      1      1      1      1      1      1
   GLYB3857      0      0      0      0      0      0      0      0      0      0      0
   METB3858      1      1      1      1      1      1      1      1      1      1      1
   VALB3859      1      1      1      1      1      1      1      1      1      1      1
   ASNB3860      1      1      2      2      1      1      1      1      1      1      1
   GLUB3861      1      1      1      1      1      1      1      3      5      5      5
   ASPB3862      1      1      1      1      1      1      1      3      5      5      5
   GLYB3863      0      0      0      0      0      0      0      0      0      0      0
   THRB3864      1      1      1      1      1      1      1      1      2      2      1
   VALB3865      1      1      1      1      1      1      1      1      1      1      1
   ILEB3866      1      1      1      1      1      1      1      1      1      1      1
   ASNB3867      1      1      2      2      1      1      1      1      1      1      1
   ARGB3868      1      1      1      1      1      1      1      4      5      5      5
   GLNB3869      1      1      2      2      1      1      1      1      1      1      1
   ASNB3870      1      1      2      2      1      1      1      1      1      1      1
   GLYB3871      0      0      0      0      0      0      0      0      0      0      0
   GLUB3872      1      1      1      1      1      1      1      3      5      5      5
   LYSB3873      1      1      1      1      1      1      1      2      2      2      2
   VALB3874      1      1      1      1      1      1      1      1      1      1      1
   METB3875      1      1      1      1      1      1      1      1      1      1      1
   ALAB3876      1      1      1      1      1      1      1      1      1      1      1
   CTRB3876      1      1      1      1      1      1      1      3      5      5      5
   NTRB3889      1      1      1      1      1      1      1      2      2      2      2
   GLNB3889      1      1      2      2      2      2      1      1      1      1      1
   LEUB3890      1      1      1      1      1      1      1      1      1      1      1
   CTRB3890      1      1      1      1      1      1      1      3      5      5      5
   NTRB3943      1      1      1      1      1      1      1      2      2      2      2
   ILEB3943      1      1      1      1      1      1      1      1      1      1      1
   GLUB3944      1      1      1      1      1      1      1      3      5      5      5
   GLUB3945      1      1      1      1      1      1      1      3      5      5      5
   GLNB3946      1      1      2      2      2      2      2      2      2      2      2
   GLYB3947      0      0      0      0      0      0      0      0      0      0      0
   CTRB3947      1      1      1      1      1      1      1      3      5      5      5
   NTRB3992      1      1      1      1      1      1      1      2      2      2      2
   CTRB3992      1      1      1      1      1      1      1      3      5      5      5
   PHEB3992      1      1      1      1      1      1      1      1      1      1      1
   NTRB4028      1      1      1      1      1      1      1      2      3      3      2
   CTRB4028      1      1      1      1      1      1      1      3      5      5      5
   LEUB4028      1      1      1      1      1      1      1      1      1      1      1
   NTRB4030      1      1      1      1      1      1      1      2      2      2      2
   CTRB4030      1      1      1      1      1      1      1      3      5      5      5
   LEUB4030      1      1      1      1      1      1      1      1      1      1      1
   NTRB4050      1      1      1      1      1      1      1      2      2      2      2
   GLUB4050      1      1      1      1      1      1      1      3      5      5      5
   SERB4051      1      1      1      1      1      1      1      1      2      2      2
   CTRB4051      1      1      1      1      1      1      1      3      5      5      5
   NTRB4064      1      1      1      1      1      1      1      2      2      2      2
   METB4064      1      1      1      1      1      1      1      1      1      1      1
   PHEB4065      1      1      1      1      1      1      1      1      1      1      1
   LEUB4066      1      1      1      1      1      1      1      1      1      1      1
   LYSB4067      1      1      1      1      1      1      1      2      2      2      2
   LEUB4068      1      1      1      1      1      1      1      1      1      1      1
   LYSB4069      1      1      1      1      1      1      1      2      2      2      2
   ASPB4070      1      1      1      1      1      1      1      3      5      5      5
   ILEB4071      1      1      1      1      1      1      1      1      1      1      1
   VALB4072      1      1      1      1      1      1      1      1      1      1      1
   GLYB4073      0      0      0      0      0      0      0      0      0      0      0
   SERB4074      1      1      1      1      1      1      1      1      3      3      3
   GLUB4075      1      1      1      1      1      1      1      3      5      5      5
   ALAB4076      1      1      1      1      1      1      1      1      1      1      1
   PHEB4077      1      1      1      1      1      1      1      1      1      1      1
   GLNB4078      1      1      2      2      2      2      2      2      2      2      2
   ASPB4079      1      1      1      1      1      1      1      3      5      5      5
   TYRB4080      1      1      1      1      1      1      1      2      3      3      3
   VALB4081      1      1      1      1      1      1      1      1      1      1      1
   THRB4082      1      1      1      1      1      1      1      1      2      2      2
   ASPB4083      1      1      1      1      1      1      1      3      5      5      5
   PROB4084      1      1      1      1      1      1      1      1      1      1      1
   ARGB4085      1      1      1      1      1      1      1      4      5      5      5
   GLYB4086      0      0      0      0      0      0      0      0      0      0      0
   LEUB4087      1      1      1      1      1      1      1      1      1      1      1
   ILEB4088      1      1      1      1      1      1      1      1      1      1      1
   SERB4089      1      1      1      1      1      1      1      1      3      3      3
   LYSB4090      1      1      1      1      1      1      1      2      2      2      2
   LYSB4091      1      1      1      1      1      1      1      2      2      2      2
   ASPB4092      1      1      1      1      1      1      1      3      5      5      5
   CTRB4092      1      1      1      1      1      1      1      3      5      5      5
   NTRB4095      1      1      1      1      1      1      1      2      2      2      2
   LYSB4095      1      1      1      1      1      1      1      2      2      2      2
   ALAB4096      1      1      1      1      1      1      1      1      1      1      1
   METB4097      1      1      1      1      1      1      1      1      1      1      1
   ASPB4098      1      1      1      1      1      1      1      3      5      5      5
   SERB4099      1      1      1      1      1      1      1      1      2      2      2
   GLNB4100      1      1      2      2      2      2      1      1      1      1      1
   CTRB4100      1      1      1      1      1      1      1      3      5      5      5
   NTRB4102      1      1      1      1      1      1      1      2      2      2      2
   GLNB4102      1      1      2      2      2      2      2      2      2      2      2
   PHEB4103      1      1      1      1      1      1      1      1      1      1      1
   CTRB4103      1      1      1      1      1      1      1      3      5      5      5
   NTRB4117      1      1      1      1      1      1      1      2      2      2      2
   ALAB4117      1      1      1      1      1      1      1      1      1      1      1
   ASPB4118      1      1      1      1      1      1      1      3      5      5      5
   GLUB4119      1      1      1      1      1      1      1      3      5      5      5
   ASNB4120      1      1      2      2      2      2      2      2      2      2      2
   GLUB4121      1      1      1      1      1      1      1      3      5      5      5
   METB4122      1      1      1      1      1      1      1      1      1      1      1
   ILEB4123      1      1      1      1      1      1      1      1      1      1      1
   ASNB4124      1      1      2      2      2      2      2      2      2      2      2
   CTRB4124      1      1      1      1      1      1      1      3      5      5      5
   NTRB4126      1      1      1      1      1      1      1      2      2      2      2
   GLUB4126      1      1      1      1      1      1      1      3      5      5      5
   GLUB4127      1      1      1      1      1      1      1      3      5      5      5
   PHEB4128      1      1      1      1      1      1      1      1      1      1      1
   ALAB4129      1      1      1      1      1      1      1      1      1      1      1
   ASNB4130      1      1      2      2      2      2      2      2      2      2      2
   CTRB4130      1      1      1      1      1      1      1      3      5      5      5
   NTRB4132      1      1      1      1      1      1      1      2      2      2      2
   CTRB4132      1      1      1      1      1      1      1      3      5      5      5
   PHEB4132      1      1      1      1      1      1      1      1      1      1      1
   NTRB4146      1      1      1      1      1      1      1      2      2      2      2
   LEUB4146      1      1      1      1      1      1      1      1      1      1      1
   LEUB4147      1      1      1      1      1      1      1      1      1      1      1
   THRB4148      1      1      1      1      1      1      1      1      2      2      2
   ASNB4149      1      1      2      2      2      2      1      1      1      1      1
   LEUB4150      1      1      1      1      1      1      1      1      1      1      1
   SERB4151      1      1      1      1      1      1      1      1      2      2      2
   GLUB4152      1      1      1      1      1      1      1      3      5      5      5
   CTRB4152      1      1      1      1      1      1      1      3      5      5      5
   NTRB4251      1      1      1      1      1      1      1      2      2      2      2
   ILEB4251      1      1      1      1      1      1      1      1      1      1      1
   SERB4252      1      1      1      1      1      1      1      1      2      2      2
   GLUB4253      1      1      1      1      1      1      1      3      5      5      5
   CTRB4253      1      1      1      1      1      1      1      3      5      5      5
   NTRB4540      1      1      1      1      1      1      1      2      2      2      2
   PHEB4540      1      1      1      1      1      1      1      1      1      1      1
   TRPB4541      1      1      1      1      1      1      1      1      1      1      1
   GLYB4542      0      0      0      0      0      0      0      0      0      0      0
   GLUB4543      1      1      1      1      1      1      1      3      5      5      5
   LEUB4544      1      1      1      1      1      1      1      1      1      1      1
   GLUB4545      1      1      1      1      1      1      1      3      5      5      5
   VALB4546      1      1      1      1      1      1      1      1      1      1      1
   GLNB4547      1      1      2      2      2      2      1      1      1      1      1
   ARGB4548      1      1      1      1      1      1      1      4      4      4      4
   VALB4549      1      1      1      1      1      1      1      1      1      1      1
   LYSB4550      1      1      1      1      1      1      1      2      2      2      2
   PHEB4551      1      1      1      1      1      1      1      1      1      1      1
   LEUB4552      1      1      1      1      1      1      1      1      1      1      1
   ASNB4553      1      1      2      2      2      2      2      2      2      2      2
   TYRB4554      1      1      1      1      1      1      1      2      2      2      2
   LEUB4555      1      1      1      1      1      1      1      1      1      1      1
   SERB4556      1      1      1      1      1      1      1      1      2      2      2
   ARGB4557      1      1      1      1      1      1      1      4      4      4      4
   ASNB4558      1      1      2      2      1      1      1      1      1      1      1
   PHEB4559      1      1      1      1      1      1      1      1      1      1      1
   TYRB4560      1      1      1      1      1      1      1      2      3      3      3
   THRB4561      1      1      1      1      1      1      1      1      1      1      1
   LEUB4562      1      1      1      1      1      1      1      1      1      1      1
   ARGB4563      1      1      1      1      1      1      1      4      5      5      5
   PHEB4564      1      1      1      1      1      1      1      1      1      1      1
   LEUB4565      1      1      1      1      1      1      1      1      1      1      1
   ALAB4566      1      1      1      1      1      1      1      1      1      1      1
   LEUB4567      1      1      1      1      1      1      1      1      1      1      1
   PHEB4568      1      1      1      1      1      1      1      1      1      1      1
   LEUB4569      1      1      1      1      1      1      1      1      1      1      1
   ALAB4570      1      1      1      1      1      1      1      1      1      1      1
   PHEB4571      1      1      1      1      1      1      1      1      1      1      1
   ALAB4572      1      1      1      1      1      1      1      1      1      1      1
   ILEB4573      1      1      1      1      1      1      1      1      1      1      1
   ASNB4574      1      1      2      2      2      2      2      2      2      2      2
   PHEB4575      1      1      1      1      1      1      1      1      1      1      1
   ILEB4576      1      1      1      1      1      1      1      1      1      1      1
   LEUB4577      1      1      1      1      1      1      1      1      1      1      1
   LEUB4578      1      1      1      1      1      1      1      1      1      1      1
   PHEB4579      1      1      1      1      1      1      1      1      1      1      1
   TYRB4580      1      1      1      1      1      1      1      2      2      2      2
   LYSB4581      1      1      1      1      1      1      1      2      2      2      2
   VALB4582      1      1      1      1      1      1      1      1      1      1      1
   SERB4583      1      1      1      1      1      1      1      1      2      2      2
   ASPB4584      1      1      1      1      1      1      1      3      5      5      5
   SERB4585      1      1      1      1      1      1      1      1      2      2      2
   PROB4586      1      1      1      1      1      1      1      1      1      1      1
   PROB4587      1      1      1      1      1      1      1      1      1      1      1
   CTRB4587      1      1      1      1      1      1      1      3      5      5      5
   NTRB4626      1      1      1      1      1      1      1      2      2      2      2
   ASNB4626      1      1      2      2      1      1      1      1      1      1      1
   METB4627      1      1      1      1      1      1      1      1      1      1      1
   VALB4628      1      1      1      1      1      1      1      1      1      1      1
   TYRB4629      1      1      1      1      1      1      1      2      2      2      2
   TYRB4630      1      1      1      1      1      1      1      2      2      2      2
   PHEB4631      1      1      1      1      1      1      1      1      1      1      1
   LEUB4632      1      1      1      1      1      1      1      1      1      1      1
   GLUB4633      1      1      1      1      1      1      1      3      5      5      5
   GLUB4634      1      1      1      1      1      1      1      3      5      5      5
   SERB4635      1      1      1      1      1      1      1      1      2      2      2
   THRB4636      1      1      1      1      1      1      1      1      3      3      3
   GLYB4637      0      0      0      0      0      0      0      0      0      0      0
   TYRB4638      1      1      1      1      1      1      1      2      3      3      3
   METB4639      1      1      1      1      1      1      1      1      1      1      1
   GLUB4640      1      1      1      1      1      1      1      3      5      5      5
   PROB4641      1      1      1      1      1      1      1      1      1      1      1
   ALAB4642      1      1      1      1      1      1      1      1      1      1      1
   LEUB4643      1      1      1      1      1      1      1      1      1      1      1
   TRPB4644      1      1      1      1      1      1      1      1      1      1      1
   CYSB4645      1      1      1      1      1      1      1      2      4      4      4
   LEUB4646      1      1      1      1      1      1      1      1      1      1      1
   SERB4647      1      1      1      1      1      1      1      1      3      3      3
   LEUB4648      1      1      1      1      1      1      1      1      1      1      1
   LEUB4649      1      1      1      1      1      1      1      1      1      1      1
   HISB4650      1      1      2      2      2      2      1      3      3      3      3
   THRB4651      1      1      1      1      1      1      1      1      2      2      2
   LEUB4652      1      1      1      1      1      1      1      1      1      1      1
   VALB4653      1      1      1      1      1      1      1      1      1      1      1
   ALAB4654      1      1      1      1      1      1      1      1      1      1      1
   PHEB4655      1      1      1      1      1      1      1      1      1      1      1
   LEUB4656      1      1      1      1      1      1      1      1      1      1      1
   CYSB4657      1      1      1      1      1      1      1      2      4      4      4
   ILEB4658      1      1      1      1      1      1      1      1      1      1      1
   ILEB4659      1      1      1      1      1      1      1      1      1      1      1
   GLYB4660      0      0      0      0      0      0      0      0      0      0      0
   TYRB4661      1      1      1      1      1      1      1      2      3      3      3
   ASNB4662      1      1      2      2      2      2      2      2      2      2      2
   CYSB4663      1      1      1      1      1      1      1      2      4      4      4
   LEUB4664      1      1      1      1      1      1      1      1      1      1      1
   LYSB4665      1      1      1      1      1      1      1      2      2      2      2
   CTRB4665      1      1      1      1      1      1      1      3      5      5      5
   NTRB4690      1      1      1      1      1      1      1      2      2      2      2
   GLUB4690      1      1      1      1      1      1      1      3      5      5      5
   GLNB4691      1      1      2      2      2      2      2      2      2      2      2
   PROB4692      1      1      1      1      1      1      1      1      1      1      1
   GLYB4693      0      0      0      0      0      0      0      0      0      0      0
   ASPB4694      1      1      1      1      1      1      1      3      5      5      5
   ASPB4695      1      1      1      1      1      1      1      3      5      5      5
   CTRB4695      1      1      1      1      1      1      1      3      5      5      5
   NTRB4716      1      1      1      1      1      1      1      2      2      2      2
   CTRB4716      1      1      1      1      1      1      1      3      5      5      5
   TRPB4716      1      1      1      1      1      1      1      1      1      1      1
   NTRB4735      1      1      1      1      1      1      1      2      2      2      2
   CTRB4735      1      1      1      1      1      1      1      3      5      5      5
   GLUB4735      1      1      1      1      1      1      1      3      5      5      5
   NTRB4752      1      1      1      1      1      1      1      2      2      2      2
   ALAB4752      1      1      1      1      1      1      1      1      1      1      1
   HISB4753      1      1      2      2      2      2      1      3      3      3      3
   CTRB4753      1      1      1      1      1      1      1      3      5      5      5
   NTRB4755      1      1      1      1      1      1      1      2      2      2      2
   GLUB4755      1      1      1      1      1      1      1      3      5      5      5
   ARGB4756      1      1      1      1      1      1      1      4      5      5      5
   LYSB4757      1      1      1      1      1      1      1      2      2      2      2
   PROB4758      1      1      1      1      1      1      1      1      1      1      1
   ASPB4759      1      1      1      1      1      1      1      3      5      5      5
   PROB4760      1      1      1      1      1      1      1      1      1      1      1
   PROB4761      1      1      1      1      1      1      1      1      1      1      1
   PROB4762      1      1      1      1      1      1      1      1      1      1      1
   GLYB4763      0      0      0      0      0      0      0      0      0      0      0
   LEUB4764      1      1      1      1      1      1      1      1      1      1      1
   LEUB4765      1      1      1      1      1      1      1      1      1      1      1
   THRB4766      1      1      1      1      1      1      1      1      2      2      2
   TRPB4767      1      1      1      1      1      1      1      1      1      1      1
   LEUB4768      1      1      1      1      1      1      1      1      1      1      1
   METB4769      1      1      1      1      1      1      1      1      1      1      1
   SERB4770      1      1      1      1      1      1      1      1      2      2      1
   ILEB4771      1      1      1      1      1      1      1      1      1      1      1
   ASPB4772      1      1      1      1      1      1      1      3      5      5      5
   VALB4773      1      1      1      1      1      1      1      1      1      1      1
   CTRB4773      1      1      1      1      1      1      1      3      5      5      5
   NTRB4784      1      1      1      1      1      1      1      2      3      3      2
   CTRB4784      1      1      1      1      1      1      1      3      5      5      5
   PHEB4784      1      1      1      1      1      1      1      1      1      1      1
   NTRB4789      1      1      1      1      1      1      1      2      2      2      2
   PHEB4789      1      1      1      1      1      1      1      1      1      1      1
   LEUB4790      1      1      1      1      1      1      1      1      1      1      1
   TYRB4791      1      1      1      1      1      1      1      2      3      3      3
   LEUB4792      1      1      1      1      1      1      1      1      1      1      1
   GLYB4793      0      0      0      0      0      0      0      0      0      0      0
   TRPB4794      1      1      1      1      1      1      1      1      1      1      1
   TYRB4795      1      1      1      1      1      1      1      2      3      3      3
   METB4796      1      1      1      1      1      1      1      1      1      1      1
   VALB4797      1      1      1      1      1      1      1      1      1      1      1
   METB4798      1      1      1      1      1      1      1      1      1      1      1
   SERB4799      1      1      1      1      1      1      1      1      3      3      3
   LEUB4800      1      1      1      1      1      1      1      1      1      1      1
   LEUB4801      1      1      1      1      1      1      1      1      1      1      1
   GLYB4802      0      0      0      0      0      0      0      0      0      0      0
   HISB4803      1      1      2      2      2      2      2      6      6      6      6
   TYRB4804      1      1      1      1      1      1      1      2      2      2      2
   ASNB4805      1      1      2      2      2      2      2      2      2      2      2
   ASNB4806      1      1      2      2      2      2      2      2      2      2      2
   PHEB4807      1      1      1      1      1      1      1      1      1      1      1
   PHEB4808      1      1      1      1      1      1      1      1      1      1      1
   PHEB4809      1      1      1      1      1      1      1      1      1      1      1
   ALAB4810      1      1      1      1      1      1      1      1      1      1      1
   ALAB4811      1      1      1      1      1      1      1      1      1      1      1
   HISB4812      1      1      2      2      2      2      2      6      6      6      6
   LEUB4813      1      1      1      1      1      1      1      1      1      1      1
   LEUB4814      1      1      1      1      1      1      1      1      1      1      1
   ASPB4815      1      1      1      1      1      1      1      3      5      5      5
   ILEB4816      1      1      1      1      1      1      1      1      1      1      1
   ALAB4817      1      1      1      1      1      1      1      1      1      1      1
   METB4818      1      1      1      1      1      1      1      1      1      1      1
   CTRB4818      1      1      1      1      1      1      1      3      5      5      5
   NTRB4847      1      1      1      1      1      1      1      2      2      2      2
   VALB4847      1      1      1      1      1      1      1      1      1      1      1
   VALB4848      1      1      1      1      1      1      1      1      1      1      1
   TYRB4849      1      1      1      1      1      1      1      2      2      2      2
   LEUB4850      1      1      1      1      1      1      1      1      1      1      1
   TYRB4851      1      1      1      1      1      1      1      2      3      3      3
   THRB4852      1      1      1      1      1      1      1      1      3      3      3
   VALB4853      1      1      1      1      1      1      1      1      1      1      1
   VALB4854      1      1      1      1      1      1      1      1      1      1      1
   ALAB4855      1      1      1      1      1      1      1      1      1      1      1
   PHEB4856      1      1      1      1      1      1      1      1      1      1      1
   ASNB4857      1      1      2      2      2      2      2      2      2      2      2
   PHEB4858      1      1      1      1      1      1      1      1      1      1      1
   PHEB4859      1      1      1      1      1      1      1      1      1      1      1
   ARGB4860      1      1      1      1      1      1      1      4      4      4      4
   LYSB4861      1      1      1      1      1      1      1      2      2      2      2
   PHEB4862      1      1      1      1      1      1      1      1      1      1      1
   TYRB4863      1      1      1      1      1      1      1      2      3      3      3
   ASNB4864      1      1      2      2      2      2      2      2      2      2      2
   LYSB4865      1      1      1      1      1      1      1      2      2      2      2
   SERB4866      1      1      1      1      1      1      1      1      1      1      1
   GLUB4867      1      1      1      1      1      1      1      3      5      5      5
   ASPB4868      1      1      1      1      1      1      1      3      5      5      5
   GLUB4869      1      1      1      1      1      1      1      3      5      5      5
   ASPB4870      1      1      1      1      1      1      1      3      5      5      5
   GLUB4871      1      1      1      1      1      1      1      3      5      5      5
   CTRB4871      1      1      1      1      1      1      1      3      5      5      5
   NTRB4872      1      1      1      1      1      1      1      2      2      2      2
   PROB4872      1      1      1      1      1      1      1      1      1      1      1
   ASPB4873      1      1      1      1      1      1      1      3      5      5      5
   METB4874      1      1      1      1      1      1      1      1      1      1      1
   LYSB4875      1      1      1      1      1      1      1      2      2      2      2
   CYSB4876      1      1      1      1      1      1      1      2      4      4      4
   ASPB4877      1      1      1      1      1      1      1      3      5      5      5
   ASPB4878      1      1      1      1      1      1      1      3      5      5      5
   METB4879      1      1      1      1      1      1      1      1      1      1      1
   METB4880      1      1      1      1      1      1      1      1      1      1      1
   THRB4881      1      1      1      1      1      1      1      1      3      3      3
   CYSB4882      1      1      1      1      1      1      1      2      4      4      4
   TYRB4883      1      1      1      1      1      1      1      2      2      2      2
   LEUB4884      1      1      1      1      1      1      1      1      1      1      1
   PHEB4885      1      1      1      1      1      1      1      1      1      1      1
   HISB4886      1      1      2      2      2      2      1      3      3      3      3
   METB4887      1      1      1      1      1      1      1      1      1      1      1
   TYRB4888      1      1      1      1      1      1      1      2      3      3      3
   CTRB4888      1      1      1      1      1      1      1      3      5      5      5
   NTGB4894      1      1      1      1      1      1      1      2      2      2      2
   GLYB4894      0      0      0      0      0      0      0      0      0      0      0
   GLYB4895      0      0      0      0      0      0      0      0      0      0      0
   GLYB4896      0      0      0      0      0      0      0      0      0      0      0
   ILEB4897      1      1      1      1      1      1      1      1      1      1      1
   GLYB4898      0      0      0      0      0      0      0      0      0      0      0
   ASPB4899      1      1      1      1      1      1      1      3      5      5      5
   GLUB4900      1      1      1      1      1      1      1      3      5      5      5
   ILEB4901      1      1      1      1      1      1      1      1      1      1      1
   GLUB4902      1      1      1      1      1      1      1      3      5      5      5
   ASPB4903      1      1      1      1      1      1      1      3      5      5      5
   PROB4904      1      1      1      1      1      1      1      1      1      1      1
   ALAB4905      1      1      1      1      1      1      1      1      1      1      1
   GLYB4906      0      0      0      0      0      0      0      0      0      0      0
   ASPB4907      1      1      1      1      1      1      1      3      5      5      5
   GLUB4908      1      1      1      1      1      1      1      3      5      5      5
   TYRB4909      1      1      1      1      1      1      1      2      3      3      2
   GLUB4910      1      1      1      1      1      1      1      3      5      5      5
   LEUB4911      1      1      1      1      1      1      1      1      1      1      1
   TYRB4912      1      1      1      1      1      1      1      2      3      3      3
   ARGB4913      1      1      1      1      1      1      1      4      4      4      4
   VALB4914      1      1      1      1      1      1      1      1      1      1      1
   VALB4915      1      1      1      1      1      1      1      1      1      1      1
   PHEB4916      1      1      1      1      1      1      1      1      1      1      1
   ASPB4917      1      1      1      1      1      1      1      3      5      5      5
   ILEB4918      1      1      1      1      1      1      1      1      1      1      1
   THRB4919      1      1      1      1      1      1      1      1      3      3      3
   CTRB4919      1      1      1      1      1      1      1      3      5      5      5
   NTRB5009      1      1      1      1      1      1      1      2      3      3      2
   CTRB5009      1      1      1      1      1      1      1      3      5      5      5
   TYRB5009      1      1      1      1      1      1      1      2      2      2      2
   NTRB5011      1      1      1      1      1      1      1      2      2      2      2
   CTRB5011      1      1      1      1      1      1      1      3      5      5      5
   TRPB5011      1      1      1      1      1      1      1      1      1      1      1
   _CAB5102      1      1      1      1      1      1      2      3      2      2      2
   Total       465    465    503    503    496    496    487    866   1170   1170   1160
